1 -1.5e-18 -5e-18 5.55111e-17 1.5e-18 1 -3.75e-36 3.33067e-16 5e-18 -3.75e-36 1 -4.44089e-16
0.999998 0.000527263 -0.00206693 -0.0469029 -0.000529651 0.999999 -0.00115487 -0.0283993 0.00206632 0.00115596 0.999997 0.858694
0.999991 0.00104897 -0.00413135 -0.0937435 -0.00105851 0.999997 -0.0023081 -0.0567606 0.00412891 0.00231246 0.999989 1.71627
0.99998 0.00156647 -0.00619857 -0.140643 -0.00158795 0.999993 -0.00346271 -0.0851576 0.0061931 0.00347248 0.999975 2.57496
0.999964 0.00207847 -0.0082635 -0.187486 -0.00211666 0.999987 -0.00461583 -0.11352 0.0082538 0.00463315 0.999955 3.43265
0.999943 0.00258617 -0.0103309 -0.234382 -0.00264588 0.99998 -0.00577016 -0.141915 0.0103158 0.00579717 0.99993 4.29134
0.999918 0.00308836 -0.012396 -0.28122 -0.00317435 0.999971 -0.00692297 -0.170274 0.0123742 0.00696176 0.999899 5.14899
0.999889 0.00358631 -0.0144638 -0.328118 -0.0037034 0.999961 -0.00807719 -0.19867 0.0144343 0.00812985 0.999863 6.00778
0.999855 0.00407871 -0.0165291 -0.374955 -0.00423167 0.999948 -0.00922979 -0.227029 0.0164906 0.0092984 0.999821 6.86548
0.999817 0.00456667 -0.0185965 -0.421837 -0.00476034 0.999935 -0.0103834 -0.255415 0.0185479 0.01047 0.999773 7.72404
0.999774 0.00504987 -0.0206646 -0.468733 -0.00528907 0.999919 -0.0115373 -0.28381 0.0206047 0.011644 0.99972 8.58289
0.999726 0.00552732 -0.0227292 -0.515547 -0.00581678 0.999903 -0.0126891 -0.312155 0.0226569 0.0128178 0.999661 9.44027
0.999675 0.00600054 -0.0247969 -0.562431 -0.00634516 0.999884 -0.0138425 -0.340542 0.024711 0.0139953 0.999597 10.299
0.999618 0.00646877 -0.0268644 -0.609309 -0.00687336 0.999864 -0.0149956 -0.368925 0.0267637 0.0151745 0.999527 11.1576
0.999556 0.00705845 -0.0289421 -0.656205 -0.00753045 0.99984 -0.0162319 -0.397396 0.0288229 0.0164427 0.999449 12.0154
0.999509 0.00559531 -0.0308145 -0.701879 -0.00609368 0.999852 -0.0161032 -0.423912 0.0307198 0.016283 0.999395 12.8697
0.999423 0.00784277 -0.0330617 -0.749824 -0.00845609 0.999794 -0.018452 -0.454004 0.0329101 0.0187209 0.999283 13.7315
0.999359 0.00870439 -0.034734 -0.799251 -0.00943942 0.999734 -0.0210542 -0.484077 0.0345415 0.0213686 0.999175 14.6003
0.999248 0.0123569 -0.0367485 -0.854664 -0.0132068 0.999649 -0.0229748 -0.515507 0.0364517 0.0234428 0.99906 15.4796
0.999183 0.0135228 -0.0380978 -0.907287 -0.0143916 0.99964 -0.0226237 -0.54647 0.0377782 0.0231535 0.999018 16.3694
0.999124 0.0132878 -0.03968 -0.960916 -0.014126 0.999681 -0.0209205 -0.57836 0.0393893 0.0214627 0.998993 17.269
0.99906 0.0135143 -0.0411803 -1.01159 -0.0143244 0.999708 -0.0194389 -0.60924 0.0409056 0.0200106 0.998963 18.1732
0.999017 0.0130482 -0.0423565 -1.06626 -0.0138611 0.999724 -0.0189558 -0.638736 0.0420975 0.0195243 0.998923 19.0841
0.998938 0.01326 -0.0441196 -1.11865 -0.0141349 0.999708 -0.0195787 -0.668622 0.0438472 0.0201815 0.998834 19.9972
0.998912 0.0115286 -0.0451886 -1.17184 -0.0124778 0.999706 -0.0207798 -0.699078 0.0449358 0.021321 0.998762 20.9137
0.99888 0.0112889 -0.04595 -1.22428 -0.0121813 0.999742 -0.0191876 -0.728742 0.0457216 0.0197258 0.998759 21.8404
0.998859 0.0129942 -0.0459491 -1.28081 -0.0137081 0.99979 -0.0152561 -0.760472 0.0457412 0.0158686 0.998827 22.7743
0.998888 0.0137903 -0.0450949 -1.33484 -0.0143256 0.99983 -0.0115685 -0.792967 0.0449278 0.0122016 0.998916 23.7095
0.998965 0.0128517 -0.0436358 -1.38575 -0.0132569 0.999872 -0.00900776 -0.820924 0.0435144 0.00957691 0.999007 24.6517
0.99903 0.0126525 -0.0421832 -1.43663 -0.012994 0.999885 -0.00783128 -0.845621 0.0420793 0.00837182 0.999079 25.5969
0.999075 0.0128959 -0.0410331 -1.48704 -0.0133333 0.999857 -0.0104044 -0.870213 0.040893 0.0109419 0.999104 26.5447
0.999097 0.0139101 -0.0401546 -1.53802 -0.01455 0.999771 -0.0156874 -0.897112 0.0399272 0.0162575 0.99907 27.4963
0.999153 0.0132065 -0.038965 -1.58655 -0.0139632 0.999718 -0.0192147 -0.925415 0.0387003 0.0197425 0.999056 28.4547
0.99921 0.010791 -0.0382358 -1.63336 -0.0114861 0.999772 -0.0180079 -0.955563 0.0380328 0.0184329 0.999106 29.4229
0.999221 0.00908631 -0.0383923 -1.68097 -0.00959606 0.999868 -0.0131139 -0.983838 0.0382681 0.0134721 0.999177 30.3984
0.99921 0.00583812 -0.0392976 -1.72889 -0.0061985 0.99994 -0.00905494 -1.01177 0.0392424 0.00929138 0.999187 31.3776
0.999183 -0.00184028 -0.0403746 -1.76898 0.00146077 0.999954 -0.00942729 -1.03636 0.0403901 0.00936061 0.99914 32.3571
0.999106 -0.00489479 -0.0419847 -1.81583 0.00433737 0.999901 -0.0133578 -1.05979 0.042046 0.0131637 0.999029 33.3363
0.999044 -0.00407671 -0.0435224 -1.87066 0.00330685 0.999837 -0.0177463 -1.08802 0.0435877 0.0175855 0.998895 34.3202
0.998962 -0.00350109 -0.0454181 -1.92978 0.00263935 0.999816 -0.0190194 -1.12988 0.0454764 0.0188798 0.998787 35.331
0.998913 -0.00356485 -0.046487 -1.99375 0.00278258 0.999854 -0.0168816 -1.19455 0.0465404 0.0167339 0.998776 36.3875
0.998871 -0.000238626 -0.0475092 -2.06111 -0.000415198 0.999905 -0.0137517 -1.24988 0.047508 0.0137559 0.998776 37.4285
0.998808 2.16022e-06 -0.0488014 -2.12695 -0.000625757 0.999918 -0.012763 -1.30505 0.0487974 0.0127783 0.998727 38.4715
0.998759 0.000880921 -0.049793 -2.19097 -0.00140329 0.999944 -0.0104568 -1.34914 0.049781 0.0105137 0.998705 39.5037
0.998757 0.000489421 -0.0498453 -2.25611 -0.000821033 0.999978 -0.00663257 -1.39305 0.0498409 0.00666525 0.998735 40.5386
0.998713 0.0064665 -0.0503015 -2.32994 -0.00672201 0.999965 -0.00491212 -1.42681 0.050268 0.00524393 0.998722 41.5611
0.998714 0.00695218 -0.050215 -2.39973 -0.00719251 0.999964 -0.00460697 -1.46073 0.0501811 0.00496222 0.998728 42.583
0.998708 0.00667628 -0.0503716 -2.46521 -0.00700677 0.999955 -0.00638728 -1.4895 0.0503267 0.00673197 0.99871 43.593
0.998701 0.00898315 -0.0501507 -2.53588 -0.00945617 0.999913 -0.00920271 -1.52285 0.0500637 0.00966499 0.998699 44.5979
0.998653 0.00880847 -0.0511244 -2.60002 -0.00929606 0.999913 -0.0093075 -1.55988 0.051038 0.00977023 0.998649 45.5988
0.998601 0.00686375 -0.0524278 -2.66188 -0.00728016 0.999943 -0.00775576 -1.59376 0.0523716 0.0081266 0.998595 46.598
0.998554 0.00706195 -0.0532934 -2.72891 -0.00743149 0.99995 -0.00673898 -1.62982 0.0532432 0.00712528 0.998556 47.5928
0.998515 0.00983043 -0.0535761 -2.80079 -0.0103222 0.999907 -0.00890952 -1.66453 0.0534835 0.00944932 0.998524 48.5786
0.998469 0.0102379 -0.0543663 -2.87134 -0.0110325 0.999836 -0.0143365 -1.69762 0.0542107 0.0149144 0.998418 49.556
0.998438 0.010649 -0.0548389 -2.93793 -0.0114946 0.999819 -0.0151283 -1.72901 0.0546679 0.015735 0.998381 50.5377
0.998427 0.0102689 -0.0551122 -3.00246 -0.0109388 0.99987 -0.0118676 -1.76674 0.0549832 0.0124518 0.99841 51.5185
0.998436 0.00756618 -0.0554007 -3.06584 -0.00806401 0.999929 -0.00876799 -1.79899 0.0553304 0.00920103 0.998426 52.495
0.998428 0.00634876 -0.0556805 -3.13018 -0.00679931 0.999946 -0.00790612 -1.83005 0.0556272 0.00827228 0.998417 53.465
0.998433 0.00328295 -0.0558714 -3.19152 -0.00377969 0.999954 -0.00878744 -1.8584 0.05584 0.00898484 0.998399 54.428
0.998407 -0.000146036 -0.0564264 -3.24881 -0.000450891 0.999944 -0.010566 -1.88649 0.0564248 0.0105746 0.998351 55.3918
0.998337 -0.00159121 -0.0576322 -3.31092 0.0010368 0.999953 -0.00964846 -1.91384 0.0576448 0.00957265 0.998291 56.3504
0.998264 -0.00438286 -0.058734 -3.37151 0.00407533 0.999977 -0.00535482 -1.93823 0.0587561 0.00510616 0.998259 57.3125
0.998227 -0.00596474 -0.0592269 -3.43899 0.00598695 0.999982 0.000197466 -1.95676 0.0592247 -0.000551704 0.998245 58.274
0.998202 -0.00440776 -0.0597746 -3.51131 0.00454791 0.999987 0.00220885 -1.97596 0.0597641 -0.00247673 0.998209 59.2254
0.998116 -0.0029195 -0.0612851 -3.57919 0.00292055 0.999996 -7.23111e-05 -1.99811 0.0612851 -0.000106812 0.99812 60.1663
0.998024 -0.00176204 -0.0628067 -3.64178 0.00122725 0.999963 -0.00855251 -2.02154 0.0628195 0.00845854 0.997989 61.0913
0.997955 -0.000959211 -0.0639183 -3.70338 5.0241e-05 0.999899 -0.0142209 -2.04916 0.0639255 0.0141886 0.997854 62.0063
0.997864 0.00420499 -0.0651861 -3.77603 -0.0050925 0.999897 -0.0134549 -2.07811 0.0651228 0.0137581 0.997782 62.9168
0.99779 0.00749261 -0.0660152 -3.84394 -0.0082063 0.999911 -0.0105464 -2.11209 0.0659303 0.0110648 0.997763 63.8152
0.997676 0.0102545 -0.0673552 -3.9126 -0.0108707 0.999902 -0.00878917 -2.14535 0.0672585 0.00950095 0.99769 64.6979
0.997591 0.010345 -0.0685962 -3.97823 -0.0110335 0.999892 -0.00966544 -2.17383 0.0684888 0.010399 0.997598 65.5667
0.997462 0.0118355 -0.0702166 -4.04662 -0.0124817 0.999884 -0.00877223 -2.20141 0.0701046 0.00962639 0.997493 66.4216
0.99734 0.0131838 -0.0716936 -4.11444 -0.0138005 0.999872 -0.00811282 -2.23082 0.0715775 0.00908065 0.997394 67.2645
0.997226 0.0129677 -0.0732982 -4.17999 -0.0135235 0.999883 -0.00709091 -2.25837 0.0731977 0.00806249 0.997285 68.0933
0.997124 0.0125661 -0.0747375 -4.24486 -0.0130776 0.999894 -0.00635773 -2.28331 0.0746497 0.00731683 0.997183 68.9099
0.996989 0.0148995 -0.0760937 -4.31302 -0.0152577 0.999875 -0.00412793 -2.30784 0.0760227 0.00527652 0.997092 69.7142
0.996877 0.0167718 -0.0771662 -4.38194 -0.0167798 0.999859 0.000545446 -2.32948 0.0771645 0.000751088 0.997018 70.508
0.996689 0.0192887 -0.0789933 -4.44551 -0.0191669 0.999814 0.00229876 -2.35539 0.0790229 -0.000777091 0.996872 71.2844
0.996496 0.0223235 -0.0806056 -4.51487 -0.0224698 0.999747 -0.000909196 -2.38209 0.080565 0.0027172 0.996746 72.0374
0.996371 0.0228403 -0.0819995 -4.58021 -0.0236107 0.999686 -0.00843842 -2.40973 0.081781 0.0103439 0.996597 72.7679
0.996256 0.0216499 -0.0836945 -4.64434 -0.0229118 0.999637 -0.014147 -2.43298 0.0833579 0.0160117 0.996391 73.4806
0.996203 0.022367 -0.0841333 -4.70949 -0.0238196 0.999583 -0.0163011 -2.45952 0.0837336 0.0182433 0.996321 74.1754
0.996087 0.0248083 -0.0848213 -4.77573 -0.0259914 0.999579 -0.0128721 -2.49028 0.0844663 0.0150263 0.996313 74.8515
0.995953 0.0260696 -0.0860134 -4.83751 -0.0269754 0.999592 -0.00938509 -2.52596 0.0857337 0.0116674 0.99625 75.5074
0.995907 0.0229106 -0.0874266 -4.89189 -0.0240957 0.999631 -0.0125243 -2.55665 0.0871074 0.0145796 0.996092 76.1383
0.996043 0.0150355 -0.0875964 -4.93768 -0.0166238 0.99971 -0.0174314 -2.58547 0.0873089 0.0188186 0.996004 76.7501
0.996163 0.0104411 -0.0868868 -4.98584 -0.0124994 0.999653 -0.0231796 -2.61674 0.0866146 0.0241767 0.995948 77.3441
0.996397 0.0121115 -0.0839397 -5.03904 -0.01415 0.999618 -0.0237324 -2.64605 0.0836202 0.0248347 0.996188 77.9253
0.996639 0.0177065 -0.0799775 -5.09273 -0.0194104 0.9996 -0.0205773 -2.6757 0.0795811 0.0220605 0.996584 78.4946
0.997012 0.0166485 -0.0754312 -5.1338 -0.0180191 0.999684 -0.0175269 -2.70184 0.0751156 0.0188337 0.996997 79.0495
0.997463 0.0121704 -0.0701352 -5.15977 -0.0131577 0.99982 -0.0136333 -2.72921 0.0699566 0.0145216 0.997444 79.5923
0.998024 0.00788778 -0.0623373 -5.18336 -0.00848334 0.999921 -0.00929485 -2.7568 0.062259 0.00980531 0.998012 80.123
0.998595 0.0106861 -0.0518927 -5.20827 -0.0112241 0.999886 -0.0100857 -2.78002 0.051779 0.010654 0.998602 80.6346
0.999183 0.0162476 -0.0370142 -5.23521 -0.0166497 0.999805 -0.0105817 -2.80173 0.036835 0.0111893 0.999259 81.1354
0.999588 0.0213693 -0.0191755 -5.24889 -0.0215674 0.999716 -0.0101847 -2.82209 0.0189524 0.0105941 0.999764 81.6229
0.999798 0.0199335 0.00239477 -5.23683 -0.0199087 0.999752 -0.00995836 -2.83986 -0.00259268 0.00990867 0.999948 82.097
0.999484 0.0161903 0.0277576 -5.20747 -0.01594 0.999831 -0.00921341 -2.85931 -0.0279021 0.00876619 0.999572 82.5559
0.998281 0.014725 0.0567238 -5.16354 -0.0143018 0.999867 -0.00786065 -2.878 -0.056832 0.00703589 0.998359 83.0085
0.995914 0.0142007 0.0891859 -5.10562 -0.0136705 0.999885 -0.00655318 -2.89575 -0.0892687 0.00530718 0.995993 83.4545
0.992001 0.0138945 0.125466 -5.02956 -0.0132475 0.999894 -0.00598935 -2.91192 -0.125536 0.00427932 0.99208 83.8853
0.98599 0.0138974 0.166225 -4.93465 -0.0130269 0.999895 -0.00632612 -2.92617 -0.166296 0.00407209 0.986068 84.3134
0.977515 0.0134678 0.210437 -4.8173 -0.0123623 0.999902 -0.00656816 -2.94236 -0.210505 0.00381899 0.977585 84.7287
0.966076 0.0153634 0.257802 -4.68094 -0.0136485 0.999871 -0.0084406 -2.96185 -0.257899 0.00463564 0.966161 85.1182
0.95074 0.0160759 0.309573 -4.51919 -0.013199 0.999848 -0.0113854 -2.98055 -0.309709 0.00673849 0.950807 85.5017
0.931382 0.0159926 0.363691 -4.33634 -0.0118939 0.999838 -0.0135066 -2.99523 -0.363848 0.00825408 0.931422 85.8537
0.907631 0.0164266 0.419448 -4.13009 -0.0109445 0.99982 -0.0154731 -3.00685 -0.419627 0.00945319 0.907647 86.2
