1 -1.5e-18 -5e-18 5.55111e-17 1.5e-18 1 -3.75e-36 3.33067e-16 5e-18 -3.75e-36 1 -4.44089e-16
0.999998 0.000527263 -0.00206693 -0.0469029 -0.000529651 0.999999 -0.00115487 -0.0283993 0.00206632 0.00115596 0.999997 0.858694
0.999991 0.00104897 -0.00413135 -0.0937435 -0.00105851 0.999997 -0.0023081 -0.0567606 0.00412891 0.00231246 0.999989 1.71627
0.99998 0.00156647 -0.00619857 -0.140643 -0.00158795 0.999993 -0.00346271 -0.0851576 0.0061931 0.00347248 0.999975 2.57496
0.999964 0.00207847 -0.0082635 -0.187486 -0.00211666 0.999987 -0.00461583 -0.11352 0.0082538 0.00463315 0.999955 3.43265
0.999943 0.00258617 -0.0103309 -0.234382 -0.00264588 0.99998 -0.00577016 -0.141915 0.0103158 0.00579717 0.99993 4.29134
0.999918 0.00308836 -0.012396 -0.28122 -0.00317435 0.999971 -0.00692297 -0.170274 0.0123742 0.00696176 0.999899 5.14899
0.999889 0.00358631 -0.0144638 -0.328118 -0.0037034 0.999961 -0.00807719 -0.19867 0.0144343 0.00812985 0.999863 6.00778
0.999855 0.00407871 -0.0165291 -0.374955 -0.00423167 0.999948 -0.00922979 -0.227029 0.0164906 0.0092984 0.999821 6.86548
0.999817 0.00456667 -0.0185965 -0.421837 -0.00476034 0.999935 -0.0103834 -0.255415 0.0185479 0.01047 0.999773 7.72404
0.999774 0.00504987 -0.0206646 -0.468733 -0.00528907 0.999919 -0.0115373 -0.28381 0.0206047 0.011644 0.99972 8.58289
0.999726 0.00552732 -0.0227292 -0.515547 -0.00581678 0.999903 -0.0126891 -0.312155 0.0226569 0.0128178 0.999661 9.44027
0.999675 0.00600054 -0.0247969 -0.562431 -0.00634516 0.999884 -0.0138425 -0.340542 0.024711 0.0139953 0.999597 10.299
0.999618 0.00646877 -0.0268644 -0.609309 -0.00687336 0.999864 -0.0149956 -0.368925 0.0267637 0.0151745 0.999527 11.1576
0.999556 0.00705845 -0.0289421 -0.656205 -0.00753045 0.99984 -0.0162319 -0.397396 0.0288229 0.0164427 0.999449 12.0154
0.999509 0.00559531 -0.0308145 -0.701879 -0.00609368 0.999852 -0.0161032 -0.423912 0.0307198 0.016283 0.999395 12.8697
0.999423 0.00784277 -0.0330617 -0.749824 -0.00845609 0.999794 -0.018452 -0.454004 0.0329101 0.0187209 0.999283 13.7315
0.999359 0.00870439 -0.034734 -0.799251 -0.00943942 0.999734 -0.0210542 -0.484077 0.0345415 0.0213686 0.999175 14.6003
0.999248 0.0123569 -0.0367485 -0.854664 -0.0132068 0.999649 -0.0229748 -0.515507 0.0364517 0.0234428 0.99906 15.4796
0.999183 0.0135228 -0.0380978 -0.907287 -0.0143916 0.99964 -0.0226237 -0.54647 0.0377782 0.0231535 0.999018 16.3694
