1 0 0 0 0 1 0 0 0 0 1 0
0.99999 -0.00291386 -0.00347391 -0.00154352 0.00290705 0.999994 -0.00196365 -0.00974458 0.00347961 0.00195353 0.999992 0.677199
0.999969 -0.0014693 -0.00772462 -0.00908923 0.00144356 0.999993 -0.00333666 -0.0181714 0.00772947 0.00332541 0.999965 1.37548
0.999929 -0.00148068 -0.0118238 -0.02168 0.00142447 0.999988 -0.00476139 -0.0230116 0.0118307 0.00474421 0.999919 2.09191
0.999855 7.76144e-05 -0.0170391 -0.0339038 -0.000164886 0.999987 -0.00512048 -0.0357163 0.0170385 0.00512255 0.999842 2.81941
0.999767 -0.00096288 -0.0215613 -0.0510202 0.000850551 0.999986 -0.00521832 -0.0472652 0.021566 0.00519877 0.999754 3.56748
0.999659 0.000942145 -0.0260998 -0.0786607 -0.00111259 0.999978 -0.00651692 -0.0576221 0.0260931 0.00654374 0.999638 4.32342
0.999508 0.00346818 -0.0311694 -0.109182 -0.00368731 0.999969 -0.00697538 -0.0695839 0.0311443 0.00708688 0.99949 5.09811
0.999352 0.00402691 -0.0357694 -0.137357 -0.00422126 0.999977 -0.00535966 -0.0803991 0.035747 0.00550718 0.999346 5.88734
0.999181 0.0028717 -0.0403534 -0.17209 -0.00297236 0.999993 -0.00243479 -0.0945011 0.0403462 0.00255275 0.999183 6.68745
0.999022 0.00305744 -0.0441071 -0.205236 -0.00304972 0.999995 0.000242312 -0.105964 0.0441077 -0.000107561 0.999027 7.50071
0.998889 0.00460014 -0.0469039 -0.248362 -0.00461635 0.999989 -0.000237302 -0.118802 0.0469023 0.000453563 0.998899 8.31299
0.998794 0.00318779 -0.0490035 -0.307972 -0.00320781 0.999995 -0.000330008 -0.121911 0.0490022 0.000486804 0.998799 9.15242
0.998715 0.000276567 -0.0506779 -0.362971 -0.000324727 1 -0.000942079 -0.12861 0.0506776 0.000957325 0.998715 10.0003
0.998609 -1.3817e-05 -0.0527269 -0.415598 6.58399e-06 1 -0.000137352 -0.135511 0.0527269 0.000136814 0.998609 10.8474
0.99854 -0.00197065 -0.0539774 -0.481314 0.00195444 0.999998 -0.000353015 -0.141584 0.053978 0.000247004 0.998542 11.7177
0.998445 -0.00031084 -0.0557456 -0.548269 0.000162615 0.999996 -0.00266347 -0.145358 0.0557462 0.00265027 0.998441 12.5938
0.998371 -0.000399116 -0.0570504 -0.612657 9.74569e-05 0.999986 -0.00529028 -0.151181 0.0570517 0.0052761 0.998357 13.4734
0.998271 0.00327316 -0.0586897 -0.679676 -0.00368541 0.999969 -0.00691727 -0.160471 0.0586652 0.00712161 0.998252 14.3542
0.998209 0.00386208 -0.0596959 -0.742879 -0.0042587 0.99997 -0.00651823 -0.17116 0.0596689 0.00676079 0.998195 15.2476
