1 0 0 0 0 1 0 0 0 0 1 0
0.99999 -0.00291386 -0.00347391 -0.00154352 0.00290705 0.999994 -0.00196365 -0.00974458 0.00347961 0.00195353 0.999992 0.677199
0.999968 -0.00156003 -0.00788185 -0.00663348 0.00153508 0.999994 -0.00317122 -0.0208663 0.00788675 0.00315902 0.999964 1.38032
0.999926 -0.0015872 -0.0120718 -0.0181202 0.00153233 0.999988 -0.00455313 -0.0258481 0.0120789 0.00453429 0.999917 2.09803
0.999851 -2.4759e-05 -0.0172771 -0.0299035 -5.9534e-05 0.999988 -0.00487835 -0.0392046 0.017277 0.00487865 0.999839 2.82565
0.999762 -0.00106527 -0.0217993 -0.0471973 0.000956998 0.999987 -0.00497667 -0.0505727 0.0218043 0.00495462 0.99975 3.57372
0.999653 0.000839433 -0.0263376 -0.0750171 -0.00100505 0.99998 -0.00627575 -0.0607481 0.0263318 0.00630004 0.999633 4.32965
0.999511 0.00318864 -0.0311026 -0.113209 -0.00339967 0.999972 -0.00673446 -0.0713559 0.0310803 0.0068369 0.999494 5.09449
0.999357 0.00375335 -0.0356488 -0.142083 -0.00393868 0.999979 -0.00512987 -0.0815948 0.0356288 0.00526698 0.999351 5.88247
0.999187 0.00261455 -0.0402255 -0.176661 -0.00270554 0.999994 -0.00220762 -0.0955734 0.0402194 0.00231466 0.999188 6.68179
0.999026 0.00278112 -0.0440458 -0.208337 -0.0027618 0.999996 0.000499309 -0.107543 0.044047 -0.000377176 0.999029 7.49385
0.998893 0.00429098 -0.046844 -0.251897 -0.00429395 0.999991 3.71931e-05 -0.120414 0.0468437 0.000163994 0.998902 8.30564
0.9988 0.00285155 -0.0488926 -0.315001 -0.00285745 0.999996 -5.05825e-05 -0.123377 0.0488922 0.00019023 0.998804 9.14776
0.998722 -8.4129e-05 -0.0505407 -0.371941 5.06107e-05 1 -0.000664475 -0.129624 0.0505407 0.000661068 0.998722 9.99703
0.99862 -0.000438946 -0.0525174 -0.429748 0.000446472 1 0.000131568 -0.135523 0.0525174 -0.000154834 0.99862 10.8478
0.99856 -0.00254923 -0.053586 -0.507291 0.00254785 0.999997 -9.42283e-05 -0.140019 0.0535861 -4.24362e-05 0.998563 11.726
0.998471 -0.000962729 -0.0552786 -0.579732 0.000830691 0.999997 -0.00241152 -0.142965 0.0552807 0.00236191 0.998468 12.6064
0.998397 -0.00104978 -0.0565817 -0.643706 0.000765862 0.999987 -0.0050392 -0.148575 0.0565862 0.00498779 0.998385 13.4861
0.9983 0.00262337 -0.0582199 -0.710309 -0.0030166 0.999973 -0.0066673 -0.157655 0.0582009 0.00683159 0.998282 14.3669
0.998239 0.00321212 -0.0592264 -0.773088 -0.00358964 0.999974 -0.00626893 -0.168127 0.0592047 0.00647049 0.998225 15.2603
0.998162 0.00150255 -0.0605841 -0.842837 -0.0017915 0.999987 -0.0047154 -0.176619 0.0605762 0.00481527 0.998152 16.171
0.998073 0.00294754 -0.0619771 -0.903789 -0.00314023 0.999991 -0.00301179 -0.199765 0.0619677 0.00320061 0.998073 17.0685
0.998022 0.00347351 -0.0627676 -0.971974 -0.00365567 0.999989 -0.00278752 -0.224447 0.0627573 0.00301146 0.998024 17.9795
0.997941 0.00368102 -0.0640268 -1.05722 -0.00388973 0.999988 -0.00313541 -0.250838 0.0640145 0.003378 0.997943 18.9034
0.997889 0.00129644 -0.0649347 -1.13651 -0.00155245 0.999991 -0.00389239 -0.256753 0.0649291 0.00398498 0.997882 19.8364
0.99786 0.00062526 -0.0653827 -1.21095 -0.000766984 0.999997 -0.00214253 -0.263187 0.0653812 0.00218809 0.997858 20.7719
0.997861 0.00156264 -0.065347 -1.27966 -0.00147935 0.999998 0.00132287 -0.272586 0.0653489 -0.00122337 0.997862 21.7018
0.997917 0.00206311 -0.0644818 -1.35249 -0.00173458 0.999985 0.00515054 -0.281627 0.0644914 -0.00502796 0.997906 22.6432
0.998019 0.00063877 -0.0629068 -1.42004 -0.000138873 0.999968 0.00795068 -0.284275 0.0629099 -0.0079262 0.997988 23.5944
0.998124 0.000434781 -0.061229 -1.48954 0.000104061 0.999961 0.00879698 -0.28882 0.0612304 -0.00878685 0.998085 24.546
0.998214 0.000811911 -0.0597364 -1.55796 -0.000454956 0.999982 0.00598885 -0.29644 0.0597402 -0.00595098 0.998196 25.5005
0.998288 0.00154244 -0.0584746 -1.63925 -0.00147057 0.999998 0.00127204 -0.303645 0.0584765 -0.00118387 0.998288 26.4647
0.998358 0.000857787 -0.0572788 -1.6968 -0.000954269 0.999998 -0.0016571 -0.312721 0.0572773 0.00170904 0.998357 27.4173
0.998384 -0.00170962 -0.0567966 -1.7368 0.00167604 0.999998 -0.000638813 -0.320918 0.0567976 0.000542588 0.998386 28.3609
0.998363 -0.00363132 -0.0570771 -1.79194 0.0038874 0.999983 0.00437618 -0.329916 0.0570603 -0.00459089 0.99836 29.3341
0.998294 -0.00721417 -0.05794 -1.84804 0.00769291 0.999938 0.00804403 -0.348522 0.0578783 -0.00847603 0.998288 30.3147
0.998143 -0.0146199 -0.059126 -1.89424 0.01508 0.999859 0.00734423 -0.354346 0.0590103 -0.00822221 0.998224 31.2898
0.998026 -0.0165308 -0.0605828 -1.95032 0.0167692 0.999854 0.00342844 -0.361564 0.0605173 -0.0044376 0.998157 32.2718
0.997991 -0.0153845 -0.0614561 -2.03967 0.0154068 0.999881 -0.000111054 -0.392855 0.0614505 -0.000836013 0.99811 33.2622
0.997889 -0.0141166 -0.0633875 -2.11821 0.0140902 0.9999 -0.000863649 -0.402509 0.0633934 -3.13148e-05 0.997989 34.2504
0.997797 -0.0136882 -0.0649084 -2.16158 0.0137595 0.999905 0.000652305 -0.420857 0.0648933 -0.00154398 0.997891 35.2532
0.99776 -0.0107046 -0.0660299 -2.24252 0.0109505 0.999934 0.00336427 -0.429185 0.0659895 -0.0040798 0.997812 36.2491
0.997729 -0.0109817 -0.0664508 -2.34838 0.0113319 0.999924 0.00489475 -0.445262 0.0663919 -0.00563665 0.997778 37.258
0.997681 -0.00912144 -0.0674482 -2.42012 0.00964745 0.999926 0.007477 -0.457117 0.067375 -0.00811036 0.997695 38.244
0.99769 -0.00843287 -0.0673996 -2.48678 0.00916661 0.999902 0.0105845 -0.471658 0.0673038 -0.0111779 0.99767 39.2395
0.997681 -0.00207933 -0.0680338 -2.56116 0.00296094 0.999913 0.0128601 -0.478785 0.0680011 -0.0130317 0.9976 40.2207
0.997666 -0.00175357 -0.0682637 -2.62787 0.00260149 0.999921 0.0123343 -0.486328 0.0682366 -0.0124831 0.997591 41.2087
0.997682 -0.00100811 -0.0680458 -2.70629 0.00172954 0.999943 0.0105441 -0.491555 0.0680313 -0.0106373 0.997626 42.2115
0.997683 0.00162412 -0.0680131 -2.78082 -0.00106065 0.999965 0.00832011 -0.498729 0.0680242 -0.0082287 0.99765 43.2004
0.997612 0.00124478 -0.0690564 -2.85606 -0.000670881 0.999965 0.00833312 -0.50399 0.0690643 -0.0082669 0.997578 44.2048
0.99751 -1.73081e-05 -0.0705221 -2.91787 0.000682899 0.999955 0.00941394 -0.513206 0.0705188 -0.00943866 0.997466 45.1888
0.997447 0.0010247 -0.0714007 -2.98921 -0.000282333 0.999946 0.0104065 -0.521251 0.0714075 -0.0103597 0.997393 46.1728
0.997446 0.00363504 -0.0713387 -3.08081 -0.00316797 0.999973 0.00665932 -0.527668 0.071361 -0.00641631 0.99743 47.152
0.997371 0.00480427 -0.0723031 -3.14819 -0.00463478 0.999986 0.00251172 -0.540175 0.0723142 -0.00217001 0.99738 48.099
0.997307 0.00658184 -0.0730418 -3.2106 -0.00650833 0.999978 0.0012444 -0.555199 0.0730484 -0.000765665 0.997328 49.0507
0.997311 0.0055709 -0.0730729 -3.29262 -0.00523155 0.999975 0.00483453 -0.569843 0.073098 -0.00443924 0.997315 50.0341
0.997328 0.00407818 -0.0729462 -3.37675 -0.00352702 0.999964 0.00768289 -0.578751 0.0729749 -0.00740507 0.997306 51.0148
0.997337 0.00277061 -0.0728842 -3.4561 -0.00218228 0.999964 0.00815054 -0.58875 0.0729042 -0.00796978 0.997307 51.9791
0.997347 4.55892e-05 -0.072799 -3.53339 0.000447018 0.999977 0.00675038 -0.598883 0.0727976 -0.00676501 0.997324 52.9441
0.997306 -0.00161744 -0.0733413 -3.59988 0.0020182 0.999983 0.0053905 -0.615007 0.0733314 -0.00552399 0.997292 53.9089
0.997236 -0.00218156 -0.0742728 -3.67772 0.0026569 0.999977 0.00630177 -0.624793 0.0742574 -0.00648169 0.997218 54.8673
0.997186 -0.0038826 -0.0748719 -3.76464 0.00465239 0.999938 0.0101097 -0.636526 0.074828 -0.0104296 0.997142 55.8212
0.997154 -0.00275249 -0.0753428 -3.83294 0.00390837 0.999877 0.0151985 -0.661614 0.0752917 -0.0154497 0.997042 56.7602
0.997111 -0.000277387 -0.0759578 -3.89609 0.00161561 0.999845 0.0175571 -0.671559 0.0759411 -0.0176291 0.996956 57.6876
0.997001 0.00175117 -0.0773732 -3.96968 -0.000679325 0.999903 0.0138771 -0.690572 0.07739 -0.0137829 0.996906 58.6003
0.996876 0.00570593 -0.0787701 -4.03587 -0.00522584 0.999967 0.00629962 -0.719323 0.0788034 -0.0058683 0.996873 59.497
0.996707 0.00929725 -0.0805489 -4.08163 -0.00923629 0.999957 0.00112939 -0.734172 0.0805559 -0.000381695 0.99675 60.3855
0.996544 0.0154693 -0.0816097 -4.16176 -0.0153358 0.99988 0.00226264 -0.758918 0.0816349 -0.00100327 0.996662 61.2858
0.996417 0.0180473 -0.0826295 -4.24165 -0.0177337 0.999832 0.00452762 -0.769556 0.0826974 -0.00304606 0.99657 62.17
0.996309 0.0207772 -0.0832877 -4.34051 -0.0203378 0.999774 0.00612053 -0.782751 0.0833961 -0.00440405 0.996507 63.0717
0.996265 0.0215671 -0.0836162 -4.46643 -0.0211407 0.999759 0.00598129 -0.797597 0.083725 -0.00419124 0.99648 63.9689
0.996071 0.0231742 -0.0854723 -4.52562 -0.0226659 0.999719 0.00691324 -0.806651 0.0856085 -0.00494877 0.996317 64.7955
0.995863 0.0239835 -0.0876399 -4.55706 -0.0234105 0.999697 0.00756012 -0.816746 0.0877947 -0.00547716 0.996124 65.6016
0.995748 0.0239999 -0.088933 -4.64184 -0.0233778 0.999694 0.00803023 -0.826171 0.0890985 -0.00591704 0.996005 66.4321
0.995664 0.0235448 -0.0899911 -4.73752 -0.0228222 0.999699 0.00904978 -0.828753 0.090177 -0.00695674 0.995901 67.2598
0.995456 0.0263124 -0.0915117 -4.81056 -0.025337 0.999609 0.0118045 -0.835619 0.0917866 -0.00943228 0.995734 68.0534
