1 0 0 0 0 1 0 0 0 0 1 0
0.99999 -0.00291386 -0.00347391 -0.00154352 0.00290705 0.999994 -0.00196365 -0.00974458 0.00347961 0.00195353 0.999992 0.677199
0.999969 -0.0014693 -0.00772462 -0.00908923 0.00144356 0.999993 -0.00333666 -0.0181714 0.00772947 0.00332541 0.999965 1.37548
0.999929 -0.00148068 -0.0118238 -0.02168 0.00142447 0.999988 -0.00476139 -0.0230116 0.0118307 0.00474421 0.999919 2.09191
0.999855 7.76144e-05 -0.0170391 -0.0339038 -0.000164886 0.999987 -0.00512048 -0.0357163 0.0170385 0.00512255 0.999842 2.81941
0.999767 -0.00096288 -0.0215613 -0.0510202 0.000850551 0.999986 -0.00521832 -0.0472652 0.021566 0.00519877 0.999754 3.56748
0.999659 0.000942145 -0.0260998 -0.0786607 -0.00111259 0.999978 -0.00651692 -0.0576221 0.0260931 0.00654374 0.999638 4.32342
0.999508 0.00346818 -0.0311694 -0.109182 -0.00368731 0.999969 -0.00697538 -0.0695839 0.0311443 0.00708688 0.99949 5.09811
0.999352 0.00402691 -0.0357694 -0.137357 -0.00422126 0.999977 -0.00535966 -0.0803991 0.035747 0.00550718 0.999346 5.88734
0.999181 0.0028717 -0.0403534 -0.17209 -0.00297236 0.999993 -0.00243479 -0.0945011 0.0403462 0.00255275 0.999183 6.68745
0.999022 0.00305744 -0.0441071 -0.205236 -0.00304972 0.999995 0.000242312 -0.105964 0.0441077 -0.000107561 0.999027 7.50071
0.998889 0.00460014 -0.0469039 -0.248362 -0.00461635 0.999989 -0.000237302 -0.118802 0.0469023 0.000453563 0.998899 8.31299
0.998794 0.00318779 -0.0490035 -0.307972 -0.00320781 0.999995 -0.000330008 -0.121911 0.0490022 0.000486804 0.998799 9.15242
0.998715 0.000276567 -0.0506779 -0.362971 -0.000324727 1 -0.000942079 -0.12861 0.0506776 0.000957325 0.998715 10.0003
0.998609 -1.3817e-05 -0.0527269 -0.415598 6.58399e-06 1 -0.000137352 -0.135511 0.0527269 0.000136814 0.998609 10.8474
0.99854 -0.00197065 -0.0539774 -0.481314 0.00195444 0.999998 -0.000353015 -0.141584 0.053978 0.000247004 0.998542 11.7177
0.998445 -0.00031084 -0.0557456 -0.548269 0.000162615 0.999996 -0.00266347 -0.145358 0.0557462 0.00265027 0.998441 12.5938
0.998371 -0.000399116 -0.0570504 -0.612657 9.74569e-05 0.999986 -0.00529028 -0.151181 0.0570517 0.0052761 0.998357 13.4734
0.998271 0.00327316 -0.0586897 -0.679676 -0.00368541 0.999969 -0.00691727 -0.160471 0.0586652 0.00712161 0.998252 14.3542
0.998209 0.00386208 -0.0596959 -0.742879 -0.0042587 0.99997 -0.00651823 -0.17116 0.0596689 0.00676079 0.998195 15.2476
0.998132 0.00215329 -0.0610525 -0.813058 -0.0024609 0.999985 -0.00496379 -0.179869 0.0610409 0.00510476 0.998122 16.1583
0.998043 0.00362386 -0.0624307 -0.874387 -0.0038352 0.999987 -0.00326563 -0.203261 0.0624181 0.00349868 0.998044 17.056
0.997991 0.00243121 -0.0633157 -0.946895 -0.00263558 0.999992 -0.00314443 -0.21237 0.0633075 0.00330498 0.997989 17.9762
0.997919 0.00302134 -0.0644042 -1.03489 -0.00326085 0.999988 -0.0036141 -0.239844 0.0643925 0.0038166 0.997917 18.8986
0.997865 0.000636523 -0.0653116 -1.11452 -0.00092401 0.99999 -0.00437166 -0.24622 0.0653081 0.00442267 0.997855 19.8315
0.997835 -3.39745e-05 -0.0657608 -1.18931 -0.000138756 0.999997 -0.00262208 -0.253112 0.0657606 0.00262553 0.997832 20.767
0.997837 0.000764358 -0.065729 -1.25988 -0.000710888 0.999999 0.000836884 -0.261659 0.0657296 -0.000788349 0.997837 21.6964
0.997896 0.00109149 -0.0648305 -1.337 -0.000790841 0.999989 0.00466292 -0.269892 0.0648349 -0.00460184 0.997885 22.6429
0.997996 -0.0002399 -0.0632709 -1.4039 0.000711914 0.999972 0.00743778 -0.273073 0.0632673 -0.00746792 0.997969 23.5883
0.998091 -0.00024759 -0.061762 -1.46882 0.000755241 0.999966 0.00819625 -0.278279 0.0617579 -0.00822725 0.998057 24.5368
0.99818 4.17288e-05 -0.0603105 -1.53699 0.000283586 0.999985 0.00538544 -0.285691 0.0603098 -0.00539274 0.998165 25.4923
0.998261 0.00089977 -0.0589352 -1.6236 -0.000864286 0.999999 0.000627573 -0.294041 0.0589357 -0.000575545 0.998262 26.459
0.998334 0.000128455 -0.0576971 -1.68426 -0.000261339 0.999997 -0.0022956 -0.303235 0.0576967 0.00230685 0.998331 27.4128
0.998359 -0.00243846 -0.0572156 -1.72465 0.00236928 0.999996 -0.00127698 -0.312025 0.0572185 0.00113932 0.998361 28.3563
0.998346 -0.00428608 -0.057324 -1.79182 0.0045099 0.999983 0.00377569 -0.32473 0.0573068 -0.00402797 0.998348 29.341
0.998275 -0.00786794 -0.0581892 -1.84814 0.0083149 0.999938 0.00744301 -0.343926 0.058127 -0.00791401 0.998278 30.3217
0.99812 -0.0152644 -0.0593508 -1.89618 0.0156914 0.999854 0.00673497 -0.350229 0.0592394 -0.00765361 0.998214 31.2984
0.998 -0.017195 -0.0608342 -1.95188 0.0173985 0.999845 0.00281726 -0.357885 0.0607763 -0.00387005 0.998144 32.2801
0.997965 -0.0160497 -0.0617051 -2.04145 0.0160356 0.999871 -0.000722784 -0.389802 0.0617088 -0.000268169 0.998094 33.2705
0.997859 -0.0147942 -0.0637003 -2.11718 0.014729 0.99989 -0.00149283 -0.399201 0.0637154 0.000551396 0.997968 34.2538
0.99781 -0.014653 -0.0645034 -2.18894 0.0146757 0.999892 -0.000122274 -0.41312 0.0644983 -0.000824627 0.997917 35.2618
0.997776 -0.0116705 -0.0656276 -2.26947 0.0118659 0.999926 0.00258866 -0.422236 0.0655925 -0.00336164 0.997841 36.2577
0.997747 -0.0119043 -0.0660278 -2.37495 0.0122019 0.999917 0.00410528 -0.439165 0.0659735 -0.0049017 0.997809 37.2678
0.997701 -0.0100451 -0.0670277 -2.44626 0.0105167 0.999922 0.00668667 -0.451806 0.0669553 -0.00737621 0.997729 38.2538
0.99771 -0.00935782 -0.066982 -2.51248 0.0100359 0.999902 0.00979421 -0.467135 0.0668838 -0.010444 0.997706 39.2494
0.997707 -0.00300509 -0.0676183 -2.58643 0.00382973 0.99992 0.0120693 -0.475047 0.0675766 -0.0123006 0.997638 40.2306
0.997692 -0.0026791 -0.0678477 -2.65271 0.0034701 0.999927 0.0115433 -0.483372 0.0678118 -0.0117521 0.997629 41.2186
0.997709 -0.00193287 -0.0676281 -2.7307 0.00259831 0.999949 0.00975323 -0.489403 0.0676058 -0.0099066 0.997663 42.2214
0.997708 0.000663099 -0.0676668 -2.80182 -0.000153967 0.999972 0.00752905 -0.496807 0.0676699 -0.00750137 0.99768 43.2076
0.997637 0.00028374 -0.0687101 -2.87669 0.000234974 0.999972 0.00754111 -0.502871 0.0687103 -0.00753944 0.997608 44.2121
0.997534 -0.000978752 -0.070177 -2.93814 0.0015876 0.999962 0.00862061 -0.512862 0.0701658 -0.00871076 0.997497 45.1961
0.997472 6.29338e-05 -0.0710565 -3.00912 0.00062166 0.999954 0.00961234 -0.521691 0.0710538 -0.00963221 0.997426 46.1801
0.99747 0.00285274 -0.0710375 -3.09843 -0.00243632 0.999979 0.00594802 -0.532284 0.071053 -0.0057599 0.997456 47.1575
0.997396 0.00411676 -0.0720016 -3.16491 -0.00399716 0.99999 0.00180498 -0.546367 0.0720084 -0.00151247 0.997403 48.1038
0.99733 0.00587395 -0.0727832 -3.22598 -0.00584992 0.999983 0.000543344 -0.562011 0.0727851 -0.000116118 0.997348 49.0551
0.997329 0.00505466 -0.0728629 -3.30476 -0.00476584 0.99998 0.00413728 -0.57898 0.0728823 -0.00377898 0.997333 50.0374
0.997341 0.00358964 -0.0727871 -3.38664 -0.00309004 0.999971 0.00697532 -0.588481 0.0728101 -0.00673185 0.997323 51.0179
0.997346 0.00231279 -0.0727649 -3.46429 -0.00177511 0.999971 0.00745308 -0.599509 0.07278 -0.00730414 0.997321 51.9814
0.997324 0.000312977 -0.0731097 -3.52348 0.000150782 0.99998 0.00633773 -0.620608 0.0731102 -0.00633179 0.997304 52.9362
0.997285 -0.00137892 -0.0736284 -3.59202 0.00175044 0.999986 0.00498171 -0.637081 0.0736205 -0.00509707 0.997273 53.9025
0.997215 -0.00194276 -0.0745596 -3.67014 0.00238877 0.99998 0.00589324 -0.647258 0.0745467 -0.00605493 0.997199 54.8609
0.997163 -0.00365986 -0.0751838 -3.7577 0.00440186 0.999943 0.00970571 -0.659366 0.075144 -0.0100091 0.997122 55.8167
0.997129 -0.00242193 -0.0756808 -3.8242 0.00355294 0.999884 0.0148134 -0.686141 0.0756362 -0.0150398 0.997022 56.7537
0.99709 -0.000159626 -0.0762309 -3.89623 0.00147028 0.999852 0.0171374 -0.693994 0.0762169 -0.0171996 0.996943 57.6921
0.996959 0.00209129 -0.0778976 -3.95293 -0.00104588 0.999909 0.0134587 -0.714246 0.0779186 -0.0133363 0.996871 58.5935
0.996752 0.00599583 -0.0803043 -3.9864 -0.005533 0.999967 0.0059847 -0.744737 0.0803376 -0.00552094 0.996752 59.4812
0.996645 0.0103951 -0.0811814 -4.0631 -0.0103327 0.999946 0.00118873 -0.773432 0.0811894 -0.000345915 0.996699 60.3824
0.996473 0.0165471 -0.082266 -4.14395 -0.0164105 0.999863 0.00233609 -0.798037 0.0822933 -0.000977824 0.996608 61.283
0.996342 0.0191264 -0.0832833 -4.22443 -0.0188083 0.999813 0.00460216 -0.808602 0.0833557 -0.00301891 0.996515 62.1672
0.996211 0.0214927 -0.0842706 -4.3131 -0.0210445 0.999759 0.00620277 -0.81915 0.0843836 -0.00440583 0.996424 63.0681
0.996169 0.0223437 -0.0845499 -4.44316 -0.0219062 0.999741 0.00609906 -0.836031 0.0846643 -0.00422352 0.996401 63.9681
0.995988 0.0239148 -0.0862377 -4.51724 -0.0234013 0.999702 0.00696147 -0.842977 0.0863785 -0.00491547 0.99625 64.8119
0.995761 0.0248235 -0.0885662 -4.53918 -0.0242404 0.999677 0.00765331 -0.854904 0.0887275 -0.00547399 0.996041 65.6094
0.995652 0.0247865 -0.0897884 -4.63131 -0.0241574 0.999675 0.00808686 -0.862838 0.0899597 -0.00588265 0.995928 66.4477
0.995557 0.0243508 -0.0909552 -4.71962 -0.0236175 0.999679 0.00912982 -0.865719 0.0911483 -0.00694113 0.995813 67.2631
0.995347 0.0270883 -0.0924727 -4.79522 -0.0261013 0.999589 0.0118658 -0.871761 0.0927561 -0.00939688 0.995645 68.0603
0.995206 0.0285266 -0.0935456 -4.87831 -0.0271522 0.999504 0.0159327 -0.873687 0.0939538 -0.0133164 0.995488 68.8499
0.994931 0.0316664 -0.095441 -4.95325 -0.0300938 0.999387 0.0178723 -0.881632 0.0959485 -0.0149095 0.995275 69.6279
0.994685 0.0343229 -0.0970739 -5.0277 -0.0331488 0.999357 0.0136823 -0.883632 0.097481 -0.0103917 0.995183 70.3782
0.994547 0.0342695 -0.0984949 -5.10978 -0.0338055 0.999408 0.00637606 -0.889246 0.0986551 -0.00301162 0.995117 71.108
0.994441 0.0332341 -0.0999145 -5.19139 -0.0333528 0.999444 0.000482782 -0.893121 0.0998749 0.00285233 0.994996 71.8167
0.994382 0.0339485 -0.100263 -5.27388 -0.0341984 0.999415 -0.000774541 -0.89637 0.100178 0.00419901 0.994961 72.5154
0.99422 0.0366514 -0.100914 -5.35538 -0.0365549 0.999328 0.00280643 -0.906242 0.100949 0.000898699 0.994891 73.1923
0.994101 0.0368573 -0.102 -5.43744 -0.0365273 0.99932 0.00510211 -0.921279 0.102119 -0.00134622 0.994771 73.8544
0.99412 0.0335594 -0.102951 -5.51309 -0.0335475 0.999435 0.0018471 -0.932268 0.102955 0.00161752 0.994685 74.4985
0.994372 0.0253636 -0.102868 -5.57504 -0.0258464 0.99966 -0.00336297 -0.943499 0.102748 0.00600281 0.994689 75.1115
0.99459 0.0211525 -0.101702 -5.64281 -0.0220896 0.999723 -0.00809711 -0.956353 0.101503 0.0102999 0.994782 75.7081
0.994859 0.0235755 -0.0984826 -5.71088 -0.0245218 0.999664 -0.00840922 -0.965977 0.0982512 0.010781 0.995103 76.2959
0.995138 0.0285203 -0.0942712 -5.77903 -0.0291717 0.999559 -0.00553807 -0.976305 0.0940717 0.0082612 0.995531 76.8712
0.995618 0.0269157 -0.0895592 -5.83068 -0.0272598 0.999625 -0.00262031 -0.985618 0.0894551 0.0050502 0.995978 77.4324
0.996212 0.0231905 -0.0838048 -5.86987 -0.0231483 0.999731 0.00147523 -0.995655 0.0838164 0.000470292 0.996481 77.9815
0.99696 0.0187706 -0.0756175 -5.90088 -0.0184585 0.999818 0.00482454 -1.00835 0.0756943 -0.00341409 0.997125 78.514
0.997639 0.0224343 -0.0649078 -5.93434 -0.0221905 0.999744 0.00447417 -1.01574 0.0649916 -0.00302327 0.997881 79.0305
0.998372 0.0277218 -0.0498533 -5.96166 -0.0275724 0.999613 0.00368164 -1.02191 0.0499361 -0.00230107 0.99875 79.5382
0.998951 0.0328585 -0.0319025 -5.97347 -0.0327516 0.999456 0.00386717 -1.02582 0.0320122 -0.00281826 0.999484 80.033
0.99946 0.0313147 -0.00993172 -5.962 -0.0312765 0.999503 0.00397869 -1.03056 0.0100514 -0.00366591 0.999943 80.5169
0.999479 0.027908 0.0162321 -5.93162 -0.0279837 0.999598 0.00445707 -1.03839 -0.0161012 -0.00490899 0.999858 80.9916
0.998592 0.0269821 0.0456764 -5.88626 -0.0272605 0.999613 0.00548283 -1.0455 -0.0455108 -0.00672027 0.998941 81.4514
0.996547 0.0266285 0.0786428 -5.82389 -0.0272132 0.999609 0.00637256 -1.05313 -0.0784424 -0.00849068 0.996882 81.9059
0.992894 0.0265558 0.116001 -5.74116 -0.0274739 0.999603 0.00632265 -1.06218 -0.115787 -0.00946472 0.993229 82.3562
0.987118 0.0270734 0.157687 -5.64234 -0.0282792 0.999585 0.00540778 -1.06557 -0.157475 -0.00979738 0.987474 82.795
0.978834 0.0269458 0.202872 -5.5248 -0.0284509 0.999585 0.00450599 -1.07204 -0.202666 -0.0101825 0.979195 83.2187
0.96727 0.0292864 0.252052 -5.39208 -0.0306528 0.999529 0.00149584 -1.08138 -0.251889 -0.00917299 0.967713 83.6266
0.95171 0.0303355 0.305497 -5.23286 -0.0311054 0.999513 -0.00234851 -1.09255 -0.30542 -0.00726749 0.95219 84.027
0.931738 0.0307187 0.36183 -5.06143 -0.030799 0.99951 -0.00554678 -1.10197 -0.361823 -0.00597587 0.932228 84.3997
0.907191 0.0314436 0.419543 -4.87001 -0.030678 0.999493 -0.00857328 -1.11012 -0.4196 -0.00509315 0.907695 84.7518
