1 0 0 0 0 1 0 0 0 0 1 0
0.99999 -0.00291386 -0.00347391 -0.00154352 0.00290705 0.999994 -0.00196365 -0.00974458 0.00347961 0.00195353 0.999992 0.677199
0.999969 -0.0014693 -0.00772462 -0.00908923 0.00144356 0.999993 -0.00333666 -0.0181714 0.00772947 0.00332541 0.999965 1.37548
0.999929 -0.00148068 -0.0118238 -0.02168 0.00142447 0.999988 -0.00476139 -0.0230116 0.0118307 0.00474421 0.999919 2.09191
0.999855 7.76144e-05 -0.0170391 -0.0339038 -0.000164886 0.999987 -0.00512048 -0.0357163 0.0170385 0.00512255 0.999842 2.81941
0.999767 -0.00096288 -0.0215613 -0.0510202 0.000850551 0.999986 -0.00521832 -0.0472652 0.021566 0.00519877 0.999754 3.56748
0.999659 0.000942145 -0.0260998 -0.0786607 -0.00111259 0.999978 -0.00651692 -0.0576221 0.0260931 0.00654374 0.999638 4.32342
0.999508 0.00346818 -0.0311694 -0.109182 -0.00368731 0.999969 -0.00697538 -0.0695839 0.0311443 0.00708688 0.99949 5.09811
0.999352 0.00402691 -0.0357694 -0.137357 -0.00422126 0.999977 -0.00535966 -0.0803991 0.035747 0.00550718 0.999346 5.88734
0.999181 0.0028717 -0.0403534 -0.17209 -0.00297236 0.999993 -0.00243479 -0.0945011 0.0403462 0.00255275 0.999183 6.68745
0.999022 0.00305744 -0.0441071 -0.205236 -0.00304972 0.999995 0.000242312 -0.105964 0.0441077 -0.000107561 0.999027 7.50071
0.998889 0.00460014 -0.0469039 -0.248362 -0.00461635 0.999989 -0.000237302 -0.118802 0.0469023 0.000453563 0.998899 8.31299
0.998794 0.00318779 -0.0490035 -0.307972 -0.00320781 0.999995 -0.000330008 -0.121911 0.0490022 0.000486804 0.998799 9.15242
0.998715 0.000276567 -0.0506779 -0.362971 -0.000324727 1 -0.000942079 -0.12861 0.0506776 0.000957325 0.998715 10.0003
0.998609 -1.3817e-05 -0.0527269 -0.415598 6.58399e-06 1 -0.000137352 -0.135511 0.0527269 0.000136814 0.998609 10.8474
0.99854 -0.00197065 -0.0539774 -0.481314 0.00195444 0.999998 -0.000353015 -0.141584 0.053978 0.000247004 0.998542 11.7177
0.998445 -0.00031084 -0.0557456 -0.548269 0.000162615 0.999996 -0.00266347 -0.145358 0.0557462 0.00265027 0.998441 12.5938
0.998371 -0.000399116 -0.0570504 -0.612657 9.74569e-05 0.999986 -0.00529028 -0.151181 0.0570517 0.0052761 0.998357 13.4734
0.998271 0.00327316 -0.0586897 -0.679676 -0.00368541 0.999969 -0.00691727 -0.160471 0.0586652 0.00712161 0.998252 14.3542
0.998209 0.00386208 -0.0596959 -0.742879 -0.0042587 0.99997 -0.00651823 -0.17116 0.0596689 0.00676079 0.998195 15.2476
0.998132 0.00215329 -0.0610525 -0.813058 -0.0024609 0.999985 -0.00496379 -0.179869 0.0610409 0.00510476 0.998122 16.1583
0.998043 0.00362386 -0.0624307 -0.874387 -0.0038352 0.999987 -0.00326563 -0.203261 0.0624181 0.00349868 0.998044 17.056
0.997991 0.00243121 -0.0633157 -0.946895 -0.00263558 0.999992 -0.00314443 -0.21237 0.0633075 0.00330498 0.997989 17.9762
0.997919 0.00302134 -0.0644042 -1.03489 -0.00326085 0.999988 -0.0036141 -0.239844 0.0643925 0.0038166 0.997917 18.8986
0.997865 0.000636523 -0.0653116 -1.11452 -0.00092401 0.99999 -0.00437166 -0.24622 0.0653081 0.00442267 0.997855 19.8315
0.997835 -3.39745e-05 -0.0657608 -1.18931 -0.000138756 0.999997 -0.00262208 -0.253112 0.0657606 0.00262553 0.997832 20.767
0.997837 0.000764358 -0.065729 -1.25988 -0.000710888 0.999999 0.000836884 -0.261659 0.0657296 -0.000788349 0.997837 21.6964
0.997896 0.00109149 -0.0648305 -1.337 -0.000790841 0.999989 0.00466292 -0.269892 0.0648349 -0.00460184 0.997885 22.6429
0.997996 -0.0002399 -0.0632709 -1.4039 0.000711914 0.999972 0.00743778 -0.273073 0.0632673 -0.00746792 0.997969 23.5883
0.998091 -0.00024759 -0.061762 -1.46882 0.000755241 0.999966 0.00819625 -0.278279 0.0617579 -0.00822725 0.998057 24.5368
0.99818 4.17288e-05 -0.0603105 -1.53699 0.000283586 0.999985 0.00538544 -0.285691 0.0603098 -0.00539274 0.998165 25.4923
0.998261 0.00089977 -0.0589352 -1.6236 -0.000864286 0.999999 0.000627573 -0.294041 0.0589357 -0.000575545 0.998262 26.459
0.998334 0.000128455 -0.0576971 -1.68426 -0.000261339 0.999997 -0.0022956 -0.303235 0.0576967 0.00230685 0.998331 27.4128
0.998359 -0.00243846 -0.0572156 -1.72465 0.00236928 0.999996 -0.00127698 -0.312025 0.0572185 0.00113932 0.998361 28.3563
0.998346 -0.00428608 -0.057324 -1.79182 0.0045099 0.999983 0.00377569 -0.32473 0.0573068 -0.00402797 0.998348 29.341
0.998275 -0.00786794 -0.0581892 -1.84814 0.0083149 0.999938 0.00744301 -0.343926 0.058127 -0.00791401 0.998278 30.3217
0.99812 -0.0152644 -0.0593508 -1.89618 0.0156914 0.999854 0.00673497 -0.350229 0.0592394 -0.00765361 0.998214 31.2984
0.998 -0.017195 -0.0608342 -1.95188 0.0173985 0.999845 0.00281726 -0.357885 0.0607763 -0.00387005 0.998144 32.2801
0.997965 -0.0160497 -0.0617051 -2.04145 0.0160356 0.999871 -0.000722784 -0.389802 0.0617088 -0.000268169 0.998094 33.2705
0.997859 -0.0147942 -0.0637003 -2.11718 0.014729 0.99989 -0.00149283 -0.399201 0.0637154 0.000551396 0.997968 34.2538
0.99781 -0.014653 -0.0645034 -2.18894 0.0146757 0.999892 -0.000122274 -0.41312 0.0644983 -0.000824627 0.997917 35.2618
0.997776 -0.0116705 -0.0656276 -2.26947 0.0118659 0.999926 0.00258866 -0.422236 0.0655925 -0.00336164 0.997841 36.2577
0.997747 -0.0119043 -0.0660278 -2.37495 0.0122019 0.999917 0.00410528 -0.439165 0.0659735 -0.0049017 0.997809 37.2678
0.997701 -0.0100451 -0.0670277 -2.44626 0.0105167 0.999922 0.00668667 -0.451806 0.0669553 -0.00737621 0.997729 38.2538
0.99771 -0.00935782 -0.066982 -2.51248 0.0100359 0.999902 0.00979421 -0.467135 0.0668838 -0.010444 0.997706 39.2494
0.997707 -0.00300509 -0.0676183 -2.58643 0.00382973 0.99992 0.0120693 -0.475047 0.0675766 -0.0123006 0.997638 40.2306
0.997692 -0.0026791 -0.0678477 -2.65271 0.0034701 0.999927 0.0115433 -0.483372 0.0678118 -0.0117521 0.997629 41.2186
0.997709 -0.00193287 -0.0676281 -2.7307 0.00259831 0.999949 0.00975323 -0.489403 0.0676058 -0.0099066 0.997663 42.2214
0.997708 0.000663099 -0.0676668 -2.80182 -0.000153967 0.999972 0.00752905 -0.496807 0.0676699 -0.00750137 0.99768 43.2076
0.997637 0.00028374 -0.0687101 -2.87669 0.000234974 0.999972 0.00754111 -0.502871 0.0687103 -0.00753944 0.997608 44.2121
0.997534 -0.000978752 -0.070177 -2.93814 0.0015876 0.999962 0.00862061 -0.512862 0.0701658 -0.00871076 0.997497 45.1961
0.997472 6.29338e-05 -0.0710565 -3.00912 0.00062166 0.999954 0.00961234 -0.521691 0.0710538 -0.00963221 0.997426 46.1801
0.99747 0.00285274 -0.0710375 -3.09843 -0.00243632 0.999979 0.00594802 -0.532284 0.071053 -0.0057599 0.997456 47.1575
0.997396 0.00411676 -0.0720016 -3.16491 -0.00399716 0.99999 0.00180498 -0.546367 0.0720084 -0.00151247 0.997403 48.1038
0.99733 0.00587395 -0.0727832 -3.22598 -0.00584992 0.999983 0.000543344 -0.562011 0.0727851 -0.000116118 0.997348 49.0551
0.997329 0.00505466 -0.0728629 -3.30476 -0.00476584 0.99998 0.00413728 -0.57898 0.0728823 -0.00377898 0.997333 50.0374
0.997341 0.00358964 -0.0727871 -3.38664 -0.00309004 0.999971 0.00697532 -0.588481 0.0728101 -0.00673185 0.997323 51.0179
0.997346 0.00231279 -0.0727649 -3.46429 -0.00177511 0.999971 0.00745308 -0.599509 0.07278 -0.00730414 0.997321 51.9814
0.997324 0.000312977 -0.0731097 -3.52348 0.000150782 0.99998 0.00633773 -0.620608 0.0731102 -0.00633179 0.997304 52.9362
0.997285 -0.00137892 -0.0736284 -3.59202 0.00175044 0.999986 0.00498171 -0.637081 0.0736205 -0.00509707 0.997273 53.9025
0.997215 -0.00194276 -0.0745596 -3.67014 0.00238877 0.99998 0.00589324 -0.647258 0.0745467 -0.00605493 0.997199 54.8609
0.997163 -0.00365986 -0.0751838 -3.7577 0.00440186 0.999943 0.00970571 -0.659366 0.075144 -0.0100091 0.997122 55.8167
0.997129 -0.00242193 -0.0756808 -3.8242 0.00355294 0.999884 0.0148134 -0.686141 0.0756362 -0.0150398 0.997022 56.7537
0.99709 -0.000159626 -0.0762309 -3.89623 0.00147028 0.999852 0.0171374 -0.693994 0.0762169 -0.0171996 0.996943 57.6921
0.996959 0.00209129 -0.0778976 -3.95293 -0.00104588 0.999909 0.0134587 -0.714246 0.0779186 -0.0133363 0.996871 58.5935
0.996752 0.00599583 -0.0803043 -3.9864 -0.005533 0.999967 0.0059847 -0.744737 0.0803376 -0.00552094 0.996752 59.4812
0.996645 0.0103951 -0.0811814 -4.0631 -0.0103327 0.999946 0.00118873 -0.773432 0.0811894 -0.000345915 0.996699 60.3824
0.996473 0.0165471 -0.082266 -4.14395 -0.0164105 0.999863 0.00233609 -0.798037 0.0822933 -0.000977824 0.996608 61.283
0.996342 0.0191264 -0.0832833 -4.22443 -0.0188083 0.999813 0.00460216 -0.808602 0.0833557 -0.00301891 0.996515 62.1672
0.996211 0.0214927 -0.0842706 -4.3131 -0.0210445 0.999759 0.00620277 -0.81915 0.0843836 -0.00440583 0.996424 63.0681
0.996169 0.0223437 -0.0845499 -4.44316 -0.0219062 0.999741 0.00609906 -0.836031 0.0846643 -0.00422352 0.996401 63.9681
0.995988 0.0239148 -0.0862377 -4.51724 -0.0234013 0.999702 0.00696147 -0.842977 0.0863785 -0.00491547 0.99625 64.8119
0.995761 0.0248235 -0.0885662 -4.53918 -0.0242404 0.999677 0.00765331 -0.854904 0.0887275 -0.00547399 0.996041 65.6094
0.995652 0.0247865 -0.0897884 -4.63131 -0.0241574 0.999675 0.00808686 -0.862838 0.0899597 -0.00588265 0.995928 66.4477
0.995557 0.0243508 -0.0909552 -4.71962 -0.0236175 0.999679 0.00912982 -0.865719 0.0911483 -0.00694113 0.995813 67.2631
0.995347 0.0270883 -0.0924727 -4.79522 -0.0261013 0.999589 0.0118658 -0.871761 0.0927561 -0.00939688 0.995645 68.0603
0.995206 0.0285266 -0.0935456 -4.87831 -0.0271522 0.999504 0.0159327 -0.873687 0.0939538 -0.0133164 0.995488 68.8499
0.994931 0.0316664 -0.095441 -4.95325 -0.0300938 0.999387 0.0178723 -0.881632 0.0959485 -0.0149095 0.995275 69.6279
0.994685 0.0343229 -0.0970739 -5.0277 -0.0331488 0.999357 0.0136823 -0.883632 0.097481 -0.0103917 0.995183 70.3782
0.994547 0.0342695 -0.0984949 -5.10978 -0.0338055 0.999408 0.00637606 -0.889246 0.0986551 -0.00301162 0.995117 71.108
0.994441 0.0332341 -0.0999145 -5.19139 -0.0333528 0.999444 0.000482782 -0.893121 0.0998749 0.00285233 0.994996 71.8167
0.994382 0.0339485 -0.100263 -5.27388 -0.0341984 0.999415 -0.000774541 -0.89637 0.100178 0.00419901 0.994961 72.5154
0.99422 0.0366514 -0.100914 -5.35538 -0.0365549 0.999328 0.00280643 -0.906242 0.100949 0.000898699 0.994891 73.1923
0.994101 0.0368573 -0.102 -5.43744 -0.0365273 0.99932 0.00510211 -0.921279 0.102119 -0.00134622 0.994771 73.8544
0.99412 0.0335594 -0.102951 -5.51309 -0.0335475 0.999435 0.0018471 -0.932268 0.102955 0.00161752 0.994685 74.4985
0.994372 0.0253636 -0.102868 -5.57504 -0.0258464 0.99966 -0.00336297 -0.943499 0.102748 0.00600281 0.994689 75.1115
0.99459 0.0211525 -0.101702 -5.64281 -0.0220896 0.999723 -0.00809711 -0.956353 0.101503 0.0102999 0.994782 75.7081
0.994859 0.0235755 -0.0984826 -5.71088 -0.0245218 0.999664 -0.00840922 -0.965977 0.0982512 0.010781 0.995103 76.2959
0.995138 0.0285203 -0.0942712 -5.77903 -0.0291717 0.999559 -0.00553807 -0.976305 0.0940717 0.0082612 0.995531 76.8712
0.995618 0.0269157 -0.0895592 -5.83068 -0.0272598 0.999625 -0.00262031 -0.985618 0.0894551 0.0050502 0.995978 77.4324
0.996212 0.0231905 -0.0838048 -5.86987 -0.0231483 0.999731 0.00147523 -0.995655 0.0838164 0.000470292 0.996481 77.9815
0.99696 0.0187706 -0.0756175 -5.90088 -0.0184585 0.999818 0.00482454 -1.00835 0.0756943 -0.00341409 0.997125 78.514
0.997639 0.0224343 -0.0649078 -5.93434 -0.0221905 0.999744 0.00447417 -1.01574 0.0649916 -0.00302327 0.997881 79.0305
0.998372 0.0277218 -0.0498533 -5.96166 -0.0275724 0.999613 0.00368164 -1.02191 0.0499361 -0.00230107 0.99875 79.5382
0.998951 0.0328585 -0.0319025 -5.97347 -0.0327516 0.999456 0.00386717 -1.02582 0.0320122 -0.00281826 0.999484 80.033
0.99946 0.0313147 -0.00993172 -5.962 -0.0312765 0.999503 0.00397869 -1.03056 0.0100514 -0.00366591 0.999943 80.5169
0.999479 0.027908 0.0162321 -5.93162 -0.0279837 0.999598 0.00445707 -1.03839 -0.0161012 -0.00490899 0.999858 80.9916
0.998592 0.0269821 0.0456764 -5.88626 -0.0272605 0.999613 0.00548283 -1.0455 -0.0455108 -0.00672027 0.998941 81.4514
0.996547 0.0266285 0.0786428 -5.82389 -0.0272132 0.999609 0.00637256 -1.05313 -0.0784424 -0.00849068 0.996882 81.9059
0.992894 0.0265558 0.116001 -5.74116 -0.0274739 0.999603 0.00632265 -1.06218 -0.115787 -0.00946472 0.993229 82.3562
0.987118 0.0270734 0.157687 -5.64234 -0.0282792 0.999585 0.00540778 -1.06557 -0.157475 -0.00979738 0.987474 82.795
0.978834 0.0269458 0.202872 -5.5248 -0.0284509 0.999585 0.00450599 -1.07204 -0.202666 -0.0101825 0.979195 83.2187
0.96727 0.0292864 0.252052 -5.39208 -0.0306528 0.999529 0.00149584 -1.08138 -0.251889 -0.00917299 0.967713 83.6266
0.95171 0.0303355 0.305497 -5.23286 -0.0311054 0.999513 -0.00234851 -1.09255 -0.30542 -0.00726749 0.95219 84.027
0.931738 0.0307187 0.36183 -5.06143 -0.030799 0.99951 -0.00554678 -1.10197 -0.361823 -0.00597587 0.932228 84.3997
0.907191 0.0314436 0.419543 -4.87001 -0.030678 0.999493 -0.00857328 -1.11012 -0.4196 -0.00509315 0.907695 84.7518
0.877787 0.0317828 0.477996 -4.65744 -0.0297286 0.999488 -0.0118645 -1.11715 -0.478128 -0.00379568 0.878282 85.0843
0.844025 0.0303314 0.535446 -4.42251 -0.0262729 0.999539 -0.0152069 -1.12783 -0.535661 -0.00123273 0.844432 85.3905
0.807085 0.0300003 0.589673 -4.16385 -0.0244216 0.99955 -0.0174275 -1.14259 -0.58993 -0.000335309 0.807454 85.6734
0.766886 0.0287613 0.641138 -3.88745 -0.0227726 0.999586 -0.017602 -1.15573 -0.641379 -0.00110164 0.767224 85.9462
0.723877 0.028433 0.689343 -3.59846 -0.0233846 0.999587 -0.0166734 -1.16623 -0.689532 -0.00405048 0.724243 86.1949
0.67828 0.0274725 0.73429 -3.29301 -0.0215608 0.999615 -0.0174831 -1.1762 -0.734487 -0.0039734 0.678611 86.4267
0.631568 0.0262499 0.774876 -2.97274 -0.0172316 0.999655 -0.0198199 -1.1871 -0.775129 -0.000834762 0.631803 86.6316
0.584813 0.0237116 0.810822 -2.639 -0.0105693 0.999711 -0.0216122 -1.19866 -0.8111 0.00406925 0.584894 86.8107
0.537737 0.0259166 0.842714 -2.3021 -0.0114495 0.99966 -0.0234373 -1.21192 -0.843035 0.00295441 0.537851 86.9837
0.489895 0.0289079 0.871302 -1.95686 -0.0141838 0.999582 -0.025189 -1.22513 -0.871666 -1.8395e-05 0.4901 87.1508
0.443995 0.0311658 0.895487 -1.61053 -0.0141086 0.999514 -0.0277911 -1.23996 -0.895918 -0.000294954 0.444219 87.2887
0.401559 0.0287076 0.915383 -1.25513 -0.0059846 0.99957 -0.0287225 -1.25278 -0.915814 0.00605557 0.401558 87.3993
0.362212 0.0212176 0.931854 -0.891641 0.00971511 0.999601 -0.0265364 -1.26446 -0.932045 0.0186649 0.361861 87.4861
0.326845 0.0175979 0.944914 -0.5292 0.0144968 0.999616 -0.023631 -1.27573 -0.944967 0.0214219 0.326464 87.5741
0.293509 0.0216804 0.95571 -0.169477 0.0122073 0.999576 -0.0264245 -1.29155 -0.955878 0.0194225 0.29312 87.6663
0.262074 0.029287 0.964603 0.19239 0.00178519 0.999523 -0.0308322 -1.31428 -0.965046 0.00980232 0.261896 87.7628
0.233511 0.0334739 0.971778 0.568019 -0.00266639 0.999426 -0.0337856 -1.34079 -0.97235 0.00529817 0.233466 87.8441
0.207795 0.0350469 0.977544 0.960442 -0.00105237 0.999365 -0.0356055 -1.36516 -0.978172 0.00636992 0.2077 87.9071
0.18437 0.0363103 0.982186 1.36007 0.00661581 0.999249 -0.038183 -1.38488 -0.982835 0.0135378 0.183992 87.9547
0.164284 0.0425549 0.985495 1.76902 0.0138161 0.998872 -0.0454357 -1.39452 -0.986316 0.0210801 0.163511 87.9958
0.144307 0.0492328 0.988308 2.18217 0.0162744 0.998508 -0.0521173 -1.40307 -0.989399 0.023605 0.14329 88.0483
0.126448 0.0499396 0.990715 2.619 0.0139459 0.998544 -0.0521142 -1.42638 -0.991875 0.0204062 0.125568 88.1
0.110773 0.0454778 0.992805 3.07464 0.012357 0.998812 -0.0471318 -1.4573 -0.993769 0.017489 0.11008 88.1475
0.0962075 0.0422 0.994466 3.54055 0.0126784 0.998968 -0.0436176 -1.48681 -0.995281 0.0168046 0.0955732 88.1841
0.0828914 0.0397952 0.995764 4.02044 0.0146944 0.999045 -0.0411496 -1.51444 -0.99645 0.0180431 0.0822274 88.2125
0.0713149 0.0390316 0.99669 4.51878 0.01846 0.999011 -0.0404433 -1.53889 -0.997283 0.0212832 0.0705238 88.2381
0.0610609 0.0397286 0.997343 5.03519 0.0213265 0.998928 -0.0410974 -1.56509 -0.997906 0.0237793 0.0601481 88.2637
0.0531367 0.0402922 0.997774 5.56609 0.023306 0.998863 -0.0415774 -1.59116 -0.998315 0.0254634 0.0521373 88.2891
0.0474864 0.0406065 0.998046 6.11085 0.024786 0.998818 -0.0418172 -1.62086 -0.998564 0.0267234 0.0464238 88.3124
0.0420155 0.0417449 0.998244 6.66503 0.026049 0.998741 -0.042862 -1.64441 -0.998777 0.0278041 0.0408752 88.3276
0.0362609 0.042474 0.998439 7.23051 0.0263578 0.998708 -0.0434427 -1.67001 -0.998995 0.027892 0.0350946 88.3303
0.031986 0.0425668 0.998581 7.83338 0.0287441 0.99864 -0.04349 -1.70011 -0.999075 0.0300944 0.030719 88.3446
0.0292003 0.0425496 0.998668 8.44799 0.0303312 0.998596 -0.0434334 -1.73116 -0.999113 0.031559 0.0278687 88.3549
0.0264531 0.042085 0.998764 9.06769 0.0310028 0.998598 -0.0428991 -1.76204 -0.999169 0.0320993 0.0251113 88.3561
0.0240855 0.0415268 0.998847 9.71512 0.0328716 0.998564 -0.0423077 -1.79619 -0.999169 0.0338527 0.0226859 88.3672
0.0234747 0.0412561 0.998873 10.3822 0.0371359 0.998423 -0.0421102 -1.82851 -0.999034 0.0380826 0.0219056 88.3782
0.0246795 0.0410125 0.998854 11.0854 0.040425 0.9983 -0.0419886 -1.86213 -0.998878 0.041415 0.0229796 88.3861
0.0271881 0.0409335 0.998792 11.783 0.0419412 0.998235 -0.0420524 -1.89704 -0.99875 0.0430338 0.0254233 88.4019
0.0310007 0.0408834 0.998683 12.5071 0.0441884 0.99813 -0.0422325 -1.93371 -0.998542 0.0454395 0.0291361 88.428
0.0354076 0.0403936 0.998556 13.2409 0.0443985 0.998133 -0.0419507 -1.97005 -0.998386 0.0458197 0.0335481 88.4527
0.0397617 0.0387562 0.998457 13.9904 0.0458915 0.998122 -0.0405707 -2.00368 -0.998155 0.0474339 0.0379085 88.473
0.0441873 0.0370332 0.998337 14.7348 0.0456403 0.998194 -0.039048 -2.04105 -0.99798 0.0472898 0.0424173 88.4906
0.0484685 0.0348834 0.998215 15.5067 0.042673 0.998405 -0.036962 -2.07718 -0.997913 0.0443884 0.0469026 88.5274
0.0531103 0.0336827 0.99802 16.2858 0.0420935 0.998467 -0.0359378 -2.11299 -0.997701 0.0439188 0.0516111 88.5538
0.0575155 0.0347047 0.997741 17.0739 0.0395046 0.998534 -0.0370096 -2.14633 -0.997563 0.041544 0.0560602 88.5933
0.0608394 0.0389943 0.997386 17.8854 0.0378434 0.998428 -0.0413435 -2.17959 -0.99743 0.0402598 0.059268 88.6473
0.0621885 0.0443402 0.997079 18.689 0.0320422 0.998409 -0.0463979 -2.21938 -0.99755 0.034834 0.0606688 88.7045
0.062063 0.0475623 0.996938 19.5031 0.0289899 0.998357 -0.0494347 -2.26371 -0.997651 0.0319692 0.0605822 88.7597
0.062334 0.0471364 0.996942 20.3063 0.0265768 0.998452 -0.0488695 -2.30991 -0.997701 0.0295418 0.0609847 88.8089
0.0625035 0.045427 0.99701 21.1294 0.0237626 0.998613 -0.0469897 -2.35924 -0.997762 0.0266286 0.0613373 88.8625
0.0626969 0.0443308 0.997048 21.94 0.0247157 0.998638 -0.0459557 -2.40467 -0.997727 0.027524 0.0615158 88.9067
0.0632279 0.043661 0.997044 22.7495 0.022099 0.998736 -0.0451365 -2.45371 -0.997754 0.0248875 0.0621831 88.9592
0.0635236 0.0439704 0.997011 23.5414 0.0200281 0.998772 -0.0453241 -2.50354 -0.997779 0.0228474 0.0625649 89.005
0.0633315 0.0444337 0.997003 24.3524 0.0161441 0.998832 -0.0455407 -2.56091 -0.997862 0.0189799 0.0625402 89.0682
0.0620421 0.045665 0.997028 25.1505 0.0126838 0.998836 -0.046537 -2.61395 -0.997993 0.0155334 0.0613907 89.1218
0.0592384 0.0453541 0.997213 25.9584 0.00976798 0.998893 -0.0460108 -2.65924 -0.998196 0.0124664 0.0587298 89.1758
0.0552934 0.0440294 0.997499 26.762 0.00700964 0.998986 -0.0444836 -2.70828 -0.998446 0.00945176 0.0549287 89.2238
0.0504657 0.0416259 0.997858 27.5639 0.00490139 0.999109 -0.0419259 -2.75522 -0.998714 0.00700671 0.0502167 89.265
0.0443888 0.0395408 0.998232 28.3727 0.002861 0.999207 -0.0397066 -2.80331 -0.99901 0.00461847 0.0442404 89.2994
0.037079 0.0397864 0.99852 29.1737 0.00227962 0.999201 -0.0398982 -2.84774 -0.99931 0.00375563 0.0369587 89.3279
0.0284807 0.0405983 0.99877 29.9692 0.00180361 0.999171 -0.0406661 -2.89705 -0.999593 0.00295958 0.0283838 89.3431
0.0187126 0.0410347 0.998982 30.778 0.00212554 0.999154 -0.0410816 -2.94084 -0.999823 0.00289212 0.0186096 89.3542
0.0085045 0.0401951 0.999156 31.5781 0.00362276 0.999184 -0.0402271 -2.98199 -0.999957 0.00396181 0.00835195 89.3588
-0.00200873 0.0391449 0.999232 32.3668 0.0025809 0.99923 -0.0391397 -3.02783 -0.999995 0.00250029 -0.00210821 89.3518
-0.0130167 0.0384421 0.999176 33.1621 0.00456972 0.999253 -0.0383855 -3.06941 -0.999905 0.0040663 -0.0131827 89.3401
-0.0238349 0.0387955 0.998963 33.9413 0.00551877 0.999237 -0.0386745 -3.11222 -0.999701 0.00459124 -0.0240308 89.3177
-0.0348426 0.0393394 0.998618 34.7268 0.00600425 0.999215 -0.0391534 -3.15804 -0.999375 0.00463174 -0.0350515 89.2909
-0.0451334 0.040462 0.998161 35.5043 0.00598568 0.999172 -0.0402324 -3.2 -0.998963 0.00415885 -0.0453382 89.2493
-0.0553074 0.0413389 0.997613 36.2709 0.00684537 0.999135 -0.0410224 -3.24496 -0.998446 0.00456019 -0.0555425 89.2021
-0.0647467 0.0419146 0.997021 37.0322 0.00786671 0.999108 -0.0414915 -3.28863 -0.997871 0.00515684 -0.0650187 89.1512
-0.0744576 0.0423737 0.996324 37.7935 0.0088172 0.999086 -0.0418323 -3.33252 -0.997185 0.00567005 -0.0747632 89.0978
-0.0836863 0.0426417 0.995579 38.539 0.00971522 0.999071 -0.0419746 -3.37602 -0.996445 0.00615958 -0.0840229 89.0313
-0.0920674 0.0420321 0.994865 39.2699 0.0109844 0.999091 -0.0411941 -3.42077 -0.995692 0.00713537 -0.0924454 88.9563
-0.099312 0.0407721 0.994221 39.999 0.0125727 0.999132 -0.0397176 -3.46526 -0.994977 0.00855559 -0.0997384 88.8779
-0.104407 0.0390413 0.993768 40.7129 0.015451 0.999172 -0.0376303 -3.50711 -0.994415 0.0114258 -0.104924 88.7959
-0.108211 0.0373941 0.993424 41.4253 0.0183866 0.999197 -0.0356086 -3.54747 -0.993958 0.0144125 -0.108812 88.7159
-0.110748 0.0362577 0.993187 42.1228 0.0200646 0.999212 -0.0342403 -3.58453 -0.993646 0.0161359 -0.111388 88.6311
-0.112649 0.0353901 0.993004 42.8122 0.0203073 0.999239 -0.0333086 -3.61996 -0.993427 0.016413 -0.113282 88.556
-0.113367 0.0357474 0.99291 43.4787 0.020882 0.999218 -0.0335903 -3.6555 -0.993334 0.0169259 -0.114025 88.4775
-0.112633 0.0366685 0.99296 44.1282 0.021596 0.999173 -0.0344483 -3.69301 -0.993402 0.017564 -0.113332 88.4093
-0.109431 0.0380459 0.993266 44.7495 0.0222923 0.99911 -0.0358138 -3.73178 -0.993744 0.0182231 -0.110182 88.3358
-0.104169 0.0384597 0.993816 45.3667 0.0222686 0.999092 -0.0363298 -3.7677 -0.99431 0.0183464 -0.104931 88.2755
-0.0962787 0.0392332 0.994581 45.9733 0.0217078 0.999068 -0.0373088 -3.80066 -0.995118 0.0179981 -0.0970406 88.227
-0.0845913 0.0390038 0.995652 46.5542 0.0203415 0.999093 -0.0374104 -3.83737 -0.996208 0.0170885 -0.085308 88.1767
-0.0704563 0.039123 0.996747 47.1171 0.01938 0.999096 -0.0378453 -3.8753 -0.997327 0.0166506 -0.0711508 88.1414
-0.0528717 0.0403599 0.997785 47.6594 0.01821 0.999056 -0.0394463 -3.90983 -0.998435 0.0160841 -0.0535567 88.1199
-0.0313499 0.0427643 0.998593 48.1854 0.016247 0.998974 -0.0422706 -3.94387 -0.999376 0.014899 -0.0320125 88.1143
-0.00655993 0.045745 0.998932 48.7011 0.014015 0.998859 -0.0456497 -3.97657 -0.99988 0.0137006 -0.00719357 88.1255
0.0222088 0.047496 0.998625 49.1969 0.011707 0.99879 -0.0477642 -4.00679 -0.999685 0.0127517 0.0216259 88.1443
0.0558401 0.0470083 0.997332 49.702 0.00916193 0.998825 -0.0475917 -4.03693 -0.998398 0.011795 0.0553438 88.1829
0.0944456 0.0447096 0.994526 50.2054 0.00748543 0.998931 -0.0456185 -4.06487 -0.995502 0.0117529 0.0940099 88.2398
0.136811 0.0410788 0.989745 50.7141 0.00446597 0.999104 -0.0420846 -4.09445 -0.990587 0.0101778 0.136505 88.3255
0.182626 0.0367974 0.982494 51.2127 0.00116955 0.999291 -0.0376439 -4.12463 -0.983182 0.00802385 0.182454 88.4343
0.231658 0.0334674 0.972221 51.6937 -0.00419458 0.999433 -0.0334046 -4.15479 -0.972788 0.0036604 0.231667 88.5686
0.284658 0.0317719 0.958102 52.1646 -0.00898499 0.999495 -0.0304751 -4.18397 -0.958587 6.64465e-05 0.2848 88.7219
0.339305 0.0311216 0.940162 52.6174 -0.0109054 0.999516 -0.0291506 -4.21396 -0.940613 -0.000361892 0.33948 88.9288
0.397126 0.0316691 0.917218 53.0688 -0.00993151 0.999494 -0.0302099 -4.23515 -0.917711 0.00288776 0.397239 89.1546
0.457629 0.03505 0.888452 53.4906 -0.00971567 0.99936 -0.034421 -4.25509 -0.88909 0.00712012 0.457677 89.3924
0.517033 0.0385202 0.855098 53.897 -0.00900007 0.999176 -0.0395687 -4.27184 -0.855918 0.0127624 0.516954 89.6742
0.575268 0.0425344 0.816858 54.2662 -0.0134184 0.999003 -0.042569 -4.29219 -0.817855 0.0135277 0.575266 89.9731
0.631116 0.0455769 0.774348 54.6168 -0.0177746 0.99886 -0.0443044 -4.30761 -0.775484 0.0141975 0.631207 90.2993
0.683846 0.0460345 0.728172 54.9365 -0.0195527 0.998805 -0.0447812 -4.32792 -0.729364 0.0163858 0.68393 90.6433
0.732482 0.0439884 0.679364 55.2279 -0.0203316 0.998879 -0.0427555 -4.34764 -0.680483 0.0175051 0.732555 91.0082
0.777415 0.0403334 0.627694 55.4996 -0.0227299 0.999092 -0.0360466 -4.36985 -0.628577 0.0137557 0.777626 91.3989
0.818177 0.0349468 0.573903 55.7376 -0.0232156 0.999345 -0.0277564 -4.38711 -0.574497 0.00938619 0.818453 91.8032
0.85396 0.0325949 0.519317 55.9473 -0.0257911 0.999461 -0.0203204 -4.40004 -0.5197 0.00395903 0.85434 92.2306
0.884411 0.0293026 0.465787 56.1354 -0.026769 0.999569 -0.0120553 -4.40951 -0.46594 -0.00180683 0.884815 92.6719
0.909302 0.0300405 0.415051 56.2914 -0.0304727 0.99952 -0.00558291 -4.42164 -0.41502 -0.00757116 0.909781 93.1129
0.928838 0.0319895 0.369103 56.4271 -0.0339593 0.999423 -0.0011605 -4.43184 -0.368927 -0.0114566 0.929388 93.5639
0.943534 0.0377263 0.32912 56.5428 -0.0407626 0.999166 0.0023275 -4.43814 -0.328758 -0.0156119 0.944285 94.0219
0.954931 0.0418177 0.293869 56.6449 -0.0443578 0.999014 0.00198102 -4.43905 -0.293496 -0.0149271 0.955844 94.4767
0.963845 0.043561 0.262878 56.7494 -0.0458827 0.998943 0.00269643 -4.4374 -0.262483 -0.0146605 0.964825 94.9443
0.969832 0.0377125 0.240838 56.8544 -0.0396245 0.99921 0.00309929 -4.43748 -0.240531 -0.0125489 0.97056 95.42
0.973677 0.0346597 0.22528 56.9537 -0.0365158 0.999325 0.00407625 -4.44507 -0.224987 -0.0121952 0.974286 95.9009
0.976383 0.0386588 0.212559 57.0428 -0.040426 0.999175 0.00397224 -4.4472 -0.21223 -0.0124713 0.97714 96.3933
0.978205 0.0439131 0.202944 57.1271 -0.0457943 0.99894 0.00458103 -4.44505 -0.202528 -0.0137749 0.97918 96.8982
0.979047 0.0515278 0.197005 57.2085 -0.0532132 0.998578 0.00326798 -4.44294 -0.196556 -0.0136828 0.980397 97.4212
0.979334 0.0572418 0.19398 57.2963 -0.0583028 0.998299 -0.000240069 -4.4479 -0.193664 -0.0110745 0.981005 97.9443
0.979433 0.0584411 0.193122 57.3945 -0.0590316 0.998252 -0.00270068 -4.45703 -0.192942 -0.00875514 0.981171 98.4754
0.97907 0.0568958 0.19541 57.5054 -0.0567578 0.998368 -0.00631003 -4.46571 -0.19545 -0.0049131 0.980701 99.0141
0.978415 0.0552277 0.199135 57.622 -0.0537384 0.998472 -0.0128802 -4.46999 -0.199542 0.00190093 0.979887 99.5578
0.977604 0.0553424 0.203048 57.741 -0.0528395 0.998446 -0.0177312 -4.47697 -0.203713 0.00660514 0.979008 100.116
0.97642 0.0600175 0.20737 57.8544 -0.0576568 0.998185 -0.0174148 -4.48521 -0.208039 0.00504786 0.978108 100.688
0.974955 0.0631825 0.213239 57.9689 -0.0617086 0.998002 -0.0135675 -4.49638 -0.21367 6.89619e-05 0.976906 101.294
0.974092 0.0600941 0.218023 58.1036 -0.0595585 0.998184 -0.0090336 -4.50838 -0.21817 -0.00418556 0.975902 101.886
0.973467 0.0560907 0.221848 58.2523 -0.0567148 0.998384 -0.0035615 -4.51834 -0.22169 -0.00911509 0.975075 102.506
0.972795 0.0534746 0.225411 58.4036 -0.0551245 0.998479 0.00102731 -4.52878 -0.225013 -0.013425 0.974263 103.134
0.972374 0.0488206 0.228268 58.5571 -0.0505175 0.998722 0.00159338 -4.53435 -0.227898 -0.0130809 0.973597 103.771
0.972534 0.0451058 0.228348 58.7167 -0.0459755 0.998941 -0.00151216 -4.54395 -0.228175 -0.0090278 0.973578 104.415
0.972738 0.0443058 0.227636 58.8732 -0.0435121 0.999017 -0.00850645 -4.55343 -0.227789 -0.0016304 0.973709 105.065
0.972882 0.0463742 0.226605 59.0194 -0.0441036 0.998913 -0.0150754 -4.56436 -0.227057 0.00467254 0.97387 105.714
0.973407 0.0490263 0.223776 59.1652 -0.0459877 0.998766 -0.0187734 -4.57244 -0.22442 0.00798325 0.97446 106.372
0.974031 0.0474265 0.221393 59.3191 -0.0453463 0.998866 -0.0144724 -4.58253 -0.221828 0.0040572 0.975077 107.065
0.974535 0.0430709 0.220058 59.4769 -0.0426318 0.999068 -0.00674599 -4.59654 -0.220143 -0.00280726 0.975463 107.767
0.975074 0.0434198 0.217588 59.6335 -0.0442986 0.999018 -0.000839922 -4.61222 -0.217411 -0.00881986 0.97604 108.486
0.975335 0.0465047 0.215776 59.7815 -0.0472949 0.99888 -0.00150244 -4.6229 -0.215605 -0.00873975 0.976442 109.211
0.975534 0.0520475 0.213597 59.9241 -0.0519526 0.998631 -0.00606147 -4.63329 -0.21362 -0.00518373 0.976903 109.941
0.976383 0.052741 0.209509 60.0788 -0.0514906 0.998608 -0.0114223 -4.64074 -0.20982 0.000364794 0.97774 110.687
0.977318 0.0514314 0.205437 60.2335 -0.0495547 0.998669 -0.0142733 -4.65201 -0.205898 0.00376914 0.978566 111.443
0.978225 0.0492276 0.201624 60.388 -0.0476543 0.998784 -0.0126531 -4.66841 -0.202002 0.00276936 0.979381 112.212
0.979096 0.0453221 0.198286 60.5426 -0.0440981 0.998971 -0.0105866 -4.68118 -0.198562 0.00162125 0.980087 112.99
0.979496 0.0443098 0.196529 60.6969 -0.0436452 0.999017 -0.007714 -4.69843 -0.196677 -0.00102169 0.980468 113.785
0.979881 0.0410608 0.195315 60.8545 -0.0407892 0.999153 -0.00541431 -4.71087 -0.195371 -0.00266134 0.980726 114.592
0.980203 0.035933 0.194709 61.0207 -0.0357953 0.99935 -0.00422712 -4.72144 -0.194734 -0.00282622 0.980852 115.397
0.9803 0.0366378 0.194085 61.1738 -0.0368421 0.999318 -0.00255786 -4.73361 -0.194046 -0.00464301 0.980981 116.195
0.98001 0.0419903 0.194466 61.3235 -0.0419015 0.999111 -0.0045716 -4.74291 -0.194486 -0.00366823 0.980899 117.011
0.979681 0.0475576 0.194841 61.475 -0.0469247 0.998867 -0.00786518 -4.75479 -0.194994 -0.00143748 0.980803 117.832
0.979081 0.0563787 0.195502 61.6277 -0.0555337 0.998409 -0.00980539 -4.75516 -0.195744 -0.0012567 0.980654 118.655
0.978095 0.0623528 0.198601 61.7783 -0.0617131 0.99805 -0.00941551 -4.76632 -0.198801 -0.00304703 0.980035 119.498
0.977306 0.0648916 0.201648 61.9372 -0.0647316 0.997875 -0.0073948 -4.78465 -0.2017 -0.00582602 0.97943 120.338
0.976738 0.0654748 0.204197 62.1055 -0.065155 0.997841 -0.00829649 -4.80126 -0.204299 -0.00520095 0.978895 121.183
0.976447 0.063978 0.206056 62.2775 -0.0630464 0.997949 -0.0110905 -4.81695 -0.206343 -0.00216179 0.978477 122.028
0.976611 0.0575658 0.207166 62.4627 -0.056795 0.998339 -0.00967121 -4.83573 -0.207378 -0.00232097 0.978258 122.871
0.976955 0.0507634 0.207322 62.6483 -0.0495315 0.998711 -0.0111317 -4.85695 -0.207619 0.000606197 0.97821 123.705
0.976722 0.0501079 0.208575 62.8254 -0.0488768 0.998744 -0.0110553 -4.87852 -0.208867 0.000603489 0.977944 124.546
0.976244 0.0526097 0.210189 63.0004 -0.0520503 0.998611 -0.00819619 -4.89556 -0.210328 -0.00293893 0.977626 125.398
0.975864 0.054745 0.211405 63.1714 -0.0554622 0.998458 -0.00253988 -4.90949 -0.211218 -0.00924639 0.977395 126.24
0.975411 0.0582906 0.212546 63.3403 -0.0600185 0.998196 0.0016809 -4.92793 -0.212065 -0.0143963 0.97715 127.073
0.975248 0.057699 0.213451 63.5166 -0.0580264 0.998304 -0.00473649 -4.94658 -0.213363 -0.00776656 0.976942 127.905
0.97563 0.0534001 0.212825 63.6967 -0.0505245 0.998543 -0.0189315 -4.96925 -0.213526 0.00771723 0.976907 128.721
0.975996 0.0509785 0.211739 63.88 -0.0461116 0.998548 -0.0278631 -4.98985 -0.212851 0.0174307 0.976929 129.537
0.976245 0.0480934 0.211262 64.0557 -0.0451331 0.998804 -0.0188149 -5.00811 -0.211915 0.00883303 0.977248 130.364
0.976671 0.0416277 0.210668 64.2342 -0.0429761 0.999074 0.00182436 -5.02376 -0.210397 -0.0108355 0.977556 131.213
0.976903 0.0384331 0.210197 64.4102 -0.0429432 0.998934 0.0169326 -5.04261 -0.209322 -0.0255681 0.977512 132.054
0.976938 0.0426629 0.209219 64.5773 -0.0460088 0.998879 0.0111493 -5.04853 -0.208509 -0.0205181 0.977805 132.872
0.977013 0.0506243 0.207084 64.7333 -0.0507051 0.998702 -0.00492098 -5.05271 -0.207064 -0.00569233 0.978311 133.674
0.9773 0.0506062 0.205727 64.8989 -0.0490311 0.998716 -0.0127504 -5.05954 -0.206108 0.002374 0.978526 134.488
0.977958 0.0463718 0.203589 65.0701 -0.0445859 0.998916 -0.0133526 -5.08225 -0.203988 0.0039811 0.978965 135.297
0.978556 0.0458726 0.200808 65.2331 -0.044449 0.998944 -0.011595 -5.10942 -0.201128 0.00242064 0.979562 136.112
0.979346 0.0453753 0.197036 65.3892 -0.043721 0.998963 -0.0127399 -5.12684 -0.197409 0.0038622 0.980314 136.928
0.980276 0.0463631 0.192118 65.5421 -0.0444683 0.99891 -0.0141652 -5.14905 -0.192565 0.00534265 0.98127 137.727
0.98061 0.0515072 0.189077 65.6849 -0.0497449 0.998663 -0.0140575 -5.17331 -0.189549 0.00437931 0.981862 138.534
0.980684 0.057373 0.186994 65.8144 -0.0556997 0.998347 -0.0141949 -5.194 -0.187499 0.0035052 0.982258 139.328
0.980957 0.0587504 0.185127 65.9567 -0.0574816 0.998272 -0.0122179 -5.21561 -0.185525 0.00134386 0.982639 140.133
0.98128 0.0566947 0.184052 66.1022 -0.0563189 0.998386 -0.00727302 -5.23663 -0.184168 -0.00322876 0.98289 140.942
0.981659 0.0551505 0.182496 66.2455 -0.0547471 0.998474 -0.00725142 -5.25619 -0.182617 -0.00287271 0.98318 141.74
0.982282 0.0534374 0.179629 66.3891 -0.0524757 0.998571 -0.0101047 -5.27625 -0.179913 0.000499478 0.983682 142.538
0.983475 0.0484652 0.174438 66.5332 -0.0467633 0.99881 -0.0138558 -5.29454 -0.174902 0.00546955 0.984571 143.328
0.984773 0.0453497 0.167829 66.6657 -0.0435065 0.998946 -0.0146452 -5.3161 -0.168316 0.00712051 0.985707 144.12
0.98589 0.0436005 0.161614 66.786 -0.0426671 0.999047 -0.00924376 -5.3327 -0.161863 0.00221772 0.986811 144.921
0.986955 0.0410661 0.15567 66.9062 -0.0414383 0.999141 -0.000854744 -5.34776 -0.155571 -0.0056071 0.987809 145.72
0.987678 0.0380511 0.151805 67.033 -0.0397967 0.999172 0.0084766 -5.35688 -0.151357 -0.0144135 0.988374 146.541
0.988057 0.044559 0.147504 67.1447 -0.0466999 0.998848 0.0110812 -5.36582 -0.14684 -0.0178373 0.988999 147.342
0.988686 0.0472879 0.142348 67.2518 -0.0486892 0.998794 0.00637546 -5.37169 -0.141875 -0.0132341 0.989796 148.143
0.98976 0.0475269 0.134595 67.3531 -0.0474318 0.998867 -0.0039149 -5.37751 -0.134629 -0.0025093 0.990893 148.93
0.990783 0.0440459 0.128099 67.4486 -0.0431758 0.999022 -0.00956335 -5.37952 -0.128395 0.00394444 0.991715 149.742
0.991641 0.0433381 0.121532 67.5393 -0.0426141 0.999055 -0.00855193 -5.3917 -0.121787 0.00330149 0.992551 150.547
0.99218 0.050129 0.114309 67.6087 -0.0498738 0.998743 -0.00509307 -5.40907 -0.114421 -0.000647803 0.993432 151.351
0.992739 0.0557854 0.106567 67.6675 -0.0554079 0.998443 -0.00650191 -5.42455 -0.106764 0.000550045 0.994284 152.149
0.993635 0.0583921 0.0963324 67.7333 -0.0574842 0.998272 -0.0121758 -5.43972 -0.0968769 0.00656072 0.995275 152.945
0.994463 0.0573761 0.0880394 67.7921 -0.0563091 0.998307 -0.0145581 -5.45308 -0.0887257 0.00952008 0.996011 153.747
0.995093 0.0578775 0.080256 67.8436 -0.0571125 0.998298 -0.011797 -5.46743 -0.0808022 0.00715545 0.996704 154.557
0.995513 0.0605968 0.0726799 67.8879 -0.0604275 0.998162 -0.00452766 -5.48519 -0.0728207 0.000115474 0.997345 155.38
0.995836 0.0640753 0.064853 67.9207 -0.0642964 0.99793 0.00132553 -5.49618 -0.0646338 -0.00548982 0.997894 156.203
0.996331 0.0632306 0.0576779 67.9529 -0.0636109 0.997963 0.00477965 -5.50546 -0.0572582 -0.00843106 0.998324 157.022
0.996617 0.0640395 0.0515088 67.9869 -0.0644801 0.997895 0.00693629 -5.51133 -0.0509561 -0.0102341 0.998648 157.848
0.996875 0.0632129 0.0473785 68.0141 -0.0635284 0.997967 0.00518108 -5.52025 -0.0469546 -0.00817477 0.998864 158.683
0.996764 0.0681219 0.0426813 68.0326 -0.0681743 0.997673 -0.000229607 -5.52892 -0.0425977 -0.00268091 0.999089 159.502
0.996488 0.0741786 0.0388611 68.0444 -0.0739643 0.997237 -0.00692543 -5.53883 -0.0392674 0.00402677 0.999221 160.312
0.996498 0.0755476 0.0358243 68.0615 -0.0752623 0.997121 -0.00924601 -5.54721 -0.0364197 0.00651741 0.999315 161.133
0.996442 0.0775634 0.0329708 68.0789 -0.0775012 0.996987 -0.00316203 -5.55736 -0.0331167 0.000595497 0.999451 161.959
0.996305 0.0799149 0.0314587 68.0928 -0.0801803 0.996754 0.0072645 -5.56352 -0.0307761 -0.00976003 0.999479 162.784
0.996276 0.0814223 0.0283519 68.1141 -0.0818582 0.996538 0.0145675 -5.57013 -0.0270676 -0.016834 0.999492 163.601
0.996658 0.07825 0.0234514 68.1275 -0.0785345 0.996845 0.011463 -5.57705 -0.0224804 -0.0132664 0.999659 164.413
0.997656 0.0661856 0.0173588 68.1531 -0.0662247 0.997803 0.00168628 -5.58459 -0.0172091 -0.00283191 0.999848 165.22
0.997886 0.064203 0.0100901 68.1643 -0.0641764 0.997934 -0.00293699 -5.5845 -0.0102578 0.00228324 0.999945 166.032
0.997682 0.0679611 0.00349406 68.1496 -0.0679561 0.997687 -0.00153294 -5.58875 -0.00359016 0.00129194 0.999993 166.866
0.997809 0.0660393 -0.00397476 68.1404 -0.0660197 0.997806 0.00489036 -5.59632 0.004289 -0.00461724 0.99998 167.703
0.998098 0.0605801 -0.0114125 68.1332 -0.0604838 0.998132 0.00860351 -5.60171 0.0119124 -0.00789688 0.999898 168.531
0.99851 0.0518611 -0.0170034 68.1209 -0.0516475 0.998584 0.0127748 -5.59932 0.0176419 -0.0118776 0.999774 169.367
0.998544 0.0486768 -0.0232411 68.1012 -0.0483894 0.998747 0.0127751 -5.60653 0.0238339 -0.0116318 0.999648 170.198
0.998461 0.0476087 -0.0284274 68.0349 -0.0474557 0.998855 0.00603182 -5.62305 0.028682 -0.00467349 0.999578 171.061
0.9986 0.0400459 -0.0345514 67.9668 -0.0401999 0.999185 -0.00377444 -5.63689 0.034372 0.00515812 0.999396 171.922
0.998703 0.0295864 -0.0414284 67.9464 -0.0299299 0.999522 -0.00769372 -5.64122 0.041181 0.00892369 0.999112 172.755
0.99826 0.0344883 -0.0478199 67.8974 -0.0345443 0.999403 -0.000343691 -5.64938 0.0477795 0.001995 0.998856 173.598
0.997559 0.0458456 -0.0526755 67.838 -0.0452191 0.998892 0.0130249 -5.65701 0.0532143 -0.0106112 0.998527 174.437
0.997067 0.0508432 -0.0571961 67.7747 -0.0497242 0.998546 0.0208213 -5.66063 0.0581715 -0.0179162 0.998146 175.286
0.996873 0.0499933 -0.0612004 67.7183 -0.0489886 0.998641 0.0178088 -5.65661 0.0620076 -0.014755 0.997967 176.127
0.996665 0.0511808 -0.0635573 67.6515 -0.050831 0.998682 0.00711034 -5.6551 0.0638375 -0.00385594 0.997953 176.959
0.995874 0.0613654 -0.0668586 67.5738 -0.0616406 0.998096 -0.00206023 -5.65388 0.0666049 0.00617294 0.99776 177.791
0.995742 0.0611056 -0.0690246 67.5021 -0.06164 0.998083 -0.00563657 -5.66773 0.0685478 0.00986724 0.997599 178.638
0.995916 0.0566079 -0.0703306 67.4164 -0.0567862 0.998386 -0.000537447 -5.6863 0.0701866 0.00452906 0.997524 179.522
0.995928 0.0578137 -0.0691773 67.332 -0.057359 0.998317 0.00854273 -5.70349 0.0695547 -0.00454 0.997568 180.398
0.995793 0.0604075 -0.0689003 67.2743 -0.0595739 0.998124 0.0140906 -5.71111 0.0696223 -0.00992668 0.997524 181.231
0.995674 0.060699 -0.0703442 67.2024 -0.0599001 0.998114 0.0134144 -5.71857 0.0710257 -0.00914273 0.997433 182.083
0.995698 0.0574211 -0.0727167 67.1307 -0.0572529 0.99835 0.00439661 -5.72491 0.0728491 -0.000214461 0.997343 182.934
0.996062 0.0465393 -0.0754582 67.0752 -0.0472165 0.998859 -0.00721567 -5.73372 0.0750362 0.0107501 0.997123 183.783
0.996386 0.0362308 -0.0768261 67.0005 -0.0372253 0.99924 -0.0115517 -5.74051 0.0763492 0.0143698 0.996978 184.646
0.996221 0.0391211 -0.0775416 66.9239 -0.0397802 0.999184 -0.00697323 -5.75327 0.0772056 0.0100315 0.996965 185.503
0.995871 0.045016 -0.0788377 66.8579 -0.04484 0.998986 0.00400248 -5.77007 0.078938 -0.000450869 0.996879 186.341
0.995736 0.0461334 -0.0798858 66.7737 -0.0456889 0.998928 0.0073835 -5.78156 0.0801408 -0.00370212 0.996777 187.199
0.995659 0.0445168 -0.0817458 66.7169 -0.0443591 0.999009 0.00374486 -5.79047 0.0818315 -0.000102427 0.996646 188.035
0.995651 0.0444884 -0.0818568 66.6446 -0.0448332 0.998992 -0.00237802 -5.79769 0.0816684 0.00603757 0.996641 188.872
0.995306 0.050456 -0.082579 66.5646 -0.050874 0.998701 -0.00296452 -5.80262 0.0823221 0.00715173 0.99658 189.71
0.99515 0.0533327 -0.0826615 66.4839 -0.0534752 0.998569 0.000490954 -5.82031 0.0825694 0.00393177 0.996578 190.547
0.994893 0.0569318 -0.0833433 66.4045 -0.0568142 0.998378 0.00378449 -5.83237 0.0834236 0.000969917 0.996514 191.383
0.994759 0.0593352 -0.0832654 66.3232 -0.0589636 0.998236 0.00691678 -5.8463 0.0835289 -0.0019709 0.996503 192.207
0.99454 0.0622362 -0.0837723 66.2389 -0.0619099 0.998061 0.0064893 -5.85355 0.0840137 -0.00126753 0.996464 193.021
0.994643 0.059814 -0.084304 66.1619 -0.0597696 0.998208 0.00305342 -5.86988 0.0843355 0.00200175 0.996435 193.829
0.994438 0.0615382 -0.0854786 66.0827 -0.0619589 0.998076 -0.00227554 -5.87855 0.0851741 0.00755905 0.996337 194.629
0.994238 0.0629233 -0.0867879 66.005 -0.0633349 0.99799 -0.00199383 -5.88511 0.086488 0.00747904 0.996225 195.433
