1 0 0 0 0 1 0 0 0 0 1 0
0.99999 -0.00291386 -0.00347391 -0.00154352 0.00290705 0.999994 -0.00196365 -0.00974458 0.00347961 0.00195353 0.999992 0.677199
0.999968 -0.00156003 -0.00788185 -0.00663348 0.00153508 0.999994 -0.00317122 -0.0208663 0.00788675 0.00315902 0.999964 1.38032
0.999926 -0.0015872 -0.0120718 -0.0181202 0.00153233 0.999988 -0.00455313 -0.0258481 0.0120789 0.00453429 0.999917 2.09803
0.999851 -2.4759e-05 -0.0172771 -0.0299035 -5.9534e-05 0.999988 -0.00487835 -0.0392046 0.017277 0.00487865 0.999839 2.82565
0.999762 -0.00106527 -0.0217993 -0.0471973 0.000956998 0.999987 -0.00497667 -0.0505727 0.0218043 0.00495462 0.99975 3.57372
0.999653 0.000839433 -0.0263376 -0.0750171 -0.00100505 0.99998 -0.00627575 -0.0607481 0.0263318 0.00630004 0.999633 4.32965
0.999511 0.00318864 -0.0311026 -0.113209 -0.00339967 0.999972 -0.00673446 -0.0713559 0.0310803 0.0068369 0.999494 5.09449
0.999357 0.00375335 -0.0356488 -0.142083 -0.00393868 0.999979 -0.00512987 -0.0815948 0.0356288 0.00526698 0.999351 5.88247
0.999187 0.00261455 -0.0402255 -0.176661 -0.00270554 0.999994 -0.00220762 -0.0955734 0.0402194 0.00231466 0.999188 6.68179
0.999026 0.00278112 -0.0440458 -0.208337 -0.0027618 0.999996 0.000499309 -0.107543 0.044047 -0.000377176 0.999029 7.49385
0.998893 0.00429098 -0.046844 -0.251897 -0.00429395 0.999991 3.71931e-05 -0.120414 0.0468437 0.000163994 0.998902 8.30564
0.9988 0.00285155 -0.0488926 -0.315001 -0.00285745 0.999996 -5.05825e-05 -0.123377 0.0488922 0.00019023 0.998804 9.14776
0.998722 -8.4129e-05 -0.0505407 -0.371941 5.06107e-05 1 -0.000664475 -0.129624 0.0505407 0.000661068 0.998722 9.99703
0.99862 -0.000438946 -0.0525174 -0.429748 0.000446472 1 0.000131568 -0.135523 0.0525174 -0.000154834 0.99862 10.8478
0.99856 -0.00254923 -0.053586 -0.507291 0.00254785 0.999997 -9.42283e-05 -0.140019 0.0535861 -4.24362e-05 0.998563 11.726
0.998471 -0.000962729 -0.0552786 -0.579732 0.000830691 0.999997 -0.00241152 -0.142965 0.0552807 0.00236191 0.998468 12.6064
0.998397 -0.00104978 -0.0565817 -0.643706 0.000765862 0.999987 -0.0050392 -0.148575 0.0565862 0.00498779 0.998385 13.4861
0.9983 0.00262337 -0.0582199 -0.710309 -0.0030166 0.999973 -0.0066673 -0.157655 0.0582009 0.00683159 0.998282 14.3669
0.998239 0.00321212 -0.0592264 -0.773088 -0.00358964 0.999974 -0.00626893 -0.168127 0.0592047 0.00647049 0.998225 15.2603
0.998162 0.00150255 -0.0605841 -0.842837 -0.0017915 0.999987 -0.0047154 -0.176619 0.0605762 0.00481527 0.998152 16.171
0.998073 0.00294754 -0.0619771 -0.903789 -0.00314023 0.999991 -0.00301179 -0.199765 0.0619677 0.00320061 0.998073 17.0685
0.998022 0.00347351 -0.0627676 -0.971974 -0.00365567 0.999989 -0.00278752 -0.224447 0.0627573 0.00301146 0.998024 17.9795
0.997941 0.00368102 -0.0640268 -1.05722 -0.00388973 0.999988 -0.00313541 -0.250838 0.0640145 0.003378 0.997943 18.9034
0.997889 0.00129644 -0.0649347 -1.13651 -0.00155245 0.999991 -0.00389239 -0.256753 0.0649291 0.00398498 0.997882 19.8364
0.99786 0.00062526 -0.0653827 -1.21095 -0.000766984 0.999997 -0.00214253 -0.263187 0.0653812 0.00218809 0.997858 20.7719
0.997861 0.00156264 -0.065347 -1.27966 -0.00147935 0.999998 0.00132287 -0.272586 0.0653489 -0.00122337 0.997862 21.7018
0.997917 0.00206311 -0.0644818 -1.35249 -0.00173458 0.999985 0.00515054 -0.281627 0.0644914 -0.00502796 0.997906 22.6432
0.998019 0.00063877 -0.0629068 -1.42004 -0.000138873 0.999968 0.00795068 -0.284275 0.0629099 -0.0079262 0.997988 23.5944
0.998124 0.000434781 -0.061229 -1.48954 0.000104061 0.999961 0.00879698 -0.28882 0.0612304 -0.00878685 0.998085 24.546
0.998214 0.000811911 -0.0597364 -1.55796 -0.000454956 0.999982 0.00598885 -0.29644 0.0597402 -0.00595098 0.998196 25.5005
0.998288 0.00154244 -0.0584746 -1.63925 -0.00147057 0.999998 0.00127204 -0.303645 0.0584765 -0.00118387 0.998288 26.4647
0.998358 0.000857787 -0.0572788 -1.6968 -0.000954269 0.999998 -0.0016571 -0.312721 0.0572773 0.00170904 0.998357 27.4173
0.998384 -0.00170962 -0.0567966 -1.7368 0.00167604 0.999998 -0.000638813 -0.320918 0.0567976 0.000542588 0.998386 28.3609
0.998363 -0.00363132 -0.0570771 -1.79194 0.0038874 0.999983 0.00437618 -0.329916 0.0570603 -0.00459089 0.99836 29.3341
0.998294 -0.00721417 -0.05794 -1.84804 0.00769291 0.999938 0.00804403 -0.348522 0.0578783 -0.00847603 0.998288 30.3147
0.998143 -0.0146199 -0.059126 -1.89424 0.01508 0.999859 0.00734423 -0.354346 0.0590103 -0.00822221 0.998224 31.2898
0.998026 -0.0165308 -0.0605828 -1.95032 0.0167692 0.999854 0.00342844 -0.361564 0.0605173 -0.0044376 0.998157 32.2718
0.997991 -0.0153845 -0.0614561 -2.03967 0.0154068 0.999881 -0.000111054 -0.392855 0.0614505 -0.000836013 0.99811 33.2622
0.997889 -0.0141166 -0.0633875 -2.11821 0.0140902 0.9999 -0.000863649 -0.402509 0.0633934 -3.13148e-05 0.997989 34.2504
0.997797 -0.0136882 -0.0649084 -2.16158 0.0137595 0.999905 0.000652305 -0.420857 0.0648933 -0.00154398 0.997891 35.2532
0.99776 -0.0107046 -0.0660299 -2.24252 0.0109505 0.999934 0.00336427 -0.429185 0.0659895 -0.0040798 0.997812 36.2491
0.997729 -0.0109817 -0.0664508 -2.34838 0.0113319 0.999924 0.00489475 -0.445262 0.0663919 -0.00563665 0.997778 37.258
0.997681 -0.00912144 -0.0674482 -2.42012 0.00964745 0.999926 0.007477 -0.457117 0.067375 -0.00811036 0.997695 38.244
0.99769 -0.00843287 -0.0673996 -2.48678 0.00916661 0.999902 0.0105845 -0.471658 0.0673038 -0.0111779 0.99767 39.2395
0.997681 -0.00207933 -0.0680338 -2.56116 0.00296094 0.999913 0.0128601 -0.478785 0.0680011 -0.0130317 0.9976 40.2207
0.997666 -0.00175357 -0.0682637 -2.62787 0.00260149 0.999921 0.0123343 -0.486328 0.0682366 -0.0124831 0.997591 41.2087
0.997682 -0.00100811 -0.0680458 -2.70629 0.00172954 0.999943 0.0105441 -0.491555 0.0680313 -0.0106373 0.997626 42.2115
0.997683 0.00162412 -0.0680131 -2.78082 -0.00106065 0.999965 0.00832011 -0.498729 0.0680242 -0.0082287 0.99765 43.2004
0.997612 0.00124478 -0.0690564 -2.85606 -0.000670881 0.999965 0.00833312 -0.50399 0.0690643 -0.0082669 0.997578 44.2048
0.99751 -1.73081e-05 -0.0705221 -2.91787 0.000682899 0.999955 0.00941394 -0.513206 0.0705188 -0.00943866 0.997466 45.1888
0.997447 0.0010247 -0.0714007 -2.98921 -0.000282333 0.999946 0.0104065 -0.521251 0.0714075 -0.0103597 0.997393 46.1728
0.997446 0.00363504 -0.0713387 -3.08081 -0.00316797 0.999973 0.00665932 -0.527668 0.071361 -0.00641631 0.99743 47.152
0.997371 0.00480427 -0.0723031 -3.14819 -0.00463478 0.999986 0.00251172 -0.540175 0.0723142 -0.00217001 0.99738 48.099
0.997307 0.00658184 -0.0730418 -3.2106 -0.00650833 0.999978 0.0012444 -0.555199 0.0730484 -0.000765665 0.997328 49.0507
0.997311 0.0055709 -0.0730729 -3.29262 -0.00523155 0.999975 0.00483453 -0.569843 0.073098 -0.00443924 0.997315 50.0341
0.997328 0.00407818 -0.0729462 -3.37675 -0.00352702 0.999964 0.00768289 -0.578751 0.0729749 -0.00740507 0.997306 51.0148
0.997337 0.00277061 -0.0728842 -3.4561 -0.00218228 0.999964 0.00815054 -0.58875 0.0729042 -0.00796978 0.997307 51.9791
0.997347 4.55892e-05 -0.072799 -3.53339 0.000447018 0.999977 0.00675038 -0.598883 0.0727976 -0.00676501 0.997324 52.9441
0.997306 -0.00161744 -0.0733413 -3.59988 0.0020182 0.999983 0.0053905 -0.615007 0.0733314 -0.00552399 0.997292 53.9089
0.997236 -0.00218156 -0.0742728 -3.67772 0.0026569 0.999977 0.00630177 -0.624793 0.0742574 -0.00648169 0.997218 54.8673
0.997186 -0.0038826 -0.0748719 -3.76464 0.00465239 0.999938 0.0101097 -0.636526 0.074828 -0.0104296 0.997142 55.8212
0.997154 -0.00275249 -0.0753428 -3.83294 0.00390837 0.999877 0.0151985 -0.661614 0.0752917 -0.0154497 0.997042 56.7602
0.997111 -0.000277387 -0.0759578 -3.89609 0.00161561 0.999845 0.0175571 -0.671559 0.0759411 -0.0176291 0.996956 57.6876
0.997001 0.00175117 -0.0773732 -3.96968 -0.000679325 0.999903 0.0138771 -0.690572 0.07739 -0.0137829 0.996906 58.6003
0.996876 0.00570593 -0.0787701 -4.03587 -0.00522584 0.999967 0.00629962 -0.719323 0.0788034 -0.0058683 0.996873 59.497
0.996707 0.00929725 -0.0805489 -4.08163 -0.00923629 0.999957 0.00112939 -0.734172 0.0805559 -0.000381695 0.99675 60.3855
0.996544 0.0154693 -0.0816097 -4.16176 -0.0153358 0.99988 0.00226264 -0.758918 0.0816349 -0.00100327 0.996662 61.2858
0.996417 0.0180473 -0.0826295 -4.24165 -0.0177337 0.999832 0.00452762 -0.769556 0.0826974 -0.00304606 0.99657 62.17
0.996309 0.0207772 -0.0832877 -4.34051 -0.0203378 0.999774 0.00612053 -0.782751 0.0833961 -0.00440405 0.996507 63.0717
0.996265 0.0215671 -0.0836162 -4.46643 -0.0211407 0.999759 0.00598129 -0.797597 0.083725 -0.00419124 0.99648 63.9689
0.996071 0.0231742 -0.0854723 -4.52562 -0.0226659 0.999719 0.00691324 -0.806651 0.0856085 -0.00494877 0.996317 64.7955
0.995863 0.0239835 -0.0876399 -4.55706 -0.0234105 0.999697 0.00756012 -0.816746 0.0877947 -0.00547716 0.996124 65.6016
0.995748 0.0239999 -0.088933 -4.64184 -0.0233778 0.999694 0.00803023 -0.826171 0.0890985 -0.00591704 0.996005 66.4321
0.995664 0.0235448 -0.0899911 -4.73752 -0.0228222 0.999699 0.00904978 -0.828753 0.090177 -0.00695674 0.995901 67.2598
0.995456 0.0263124 -0.0915117 -4.81056 -0.025337 0.999609 0.0118045 -0.835619 0.0917866 -0.00943228 0.995734 68.0534
0.995325 0.0276791 -0.0925345 -4.89916 -0.0263243 0.999528 0.0158301 -0.836125 0.092929 -0.0133202 0.995584 68.8509
0.995059 0.0308234 -0.094384 -4.97358 -0.029273 0.999414 0.0177678 -0.844169 0.0948763 -0.0149171 0.995377 69.6299
0.994817 0.0334848 -0.0960134 -5.04722 -0.0323282 0.999385 0.0135764 -0.84625 0.096409 -0.0104021 0.995287 70.3803
0.994689 0.0334159 -0.0973542 -5.13326 -0.0329656 0.999437 0.00623108 -0.850813 0.0975076 -0.00298865 0.99523 71.115
0.994568 0.0324073 -0.0989158 -5.20612 -0.0325332 0.999471 0.00034107 -0.854605 0.0988745 0.00287883 0.995096 71.8179
0.994507 0.03313 -0.0992882 -5.28793 -0.0333858 0.999442 -0.000915431 -0.858161 0.0992025 0.00422522 0.995058 72.5185
0.994336 0.0358755 -0.100042 -5.36231 -0.0357854 0.999356 0.00269581 -0.868746 0.100074 0.000899488 0.99498 73.1879
0.994219 0.0360795 -0.10113 -5.44378 -0.035758 0.999348 0.00499065 -0.883868 0.101244 -0.00134561 0.994861 73.8501
0.994236 0.0327841 -0.102078 -5.51884 -0.0327782 0.999461 0.0017349 -0.894936 0.10208 0.00162104 0.994775 74.4942
0.994481 0.024592 -0.101991 -5.58025 -0.0250769 0.999679 -0.0034751 -0.906235 0.101872 0.00601353 0.994779 75.1073
0.994696 0.0203846 -0.100821 -5.64748 -0.0213199 0.999739 -0.00820833 -0.919162 0.100627 0.0103143 0.994871 75.704
0.994964 0.0228081 -0.097601 -5.71503 -0.0237518 0.999682 -0.00851795 -0.928858 0.0973756 0.0107933 0.995189 76.2919
0.995243 0.0277508 -0.0933915 -5.78266 -0.0284013 0.999581 -0.00564355 -0.939257 0.0931957 0.00826914 0.995613 76.8672
1 0 0 0 0 1 0 0 0 0 1 0
0.99999 -0.00291386 -0.00347391 -0.00154352 0.00290705 0.999994 -0.00196365 -0.00974458 0.00347961 0.00195353 0.999992 0.677199
0.999968 -0.00156003 -0.00788185 -0.00663348 0.00153508 0.999994 -0.00317122 -0.0208663 0.00788675 0.00315902 0.999964 1.38032
0.999926 -0.0015872 -0.0120718 -0.0181202 0.00153233 0.999988 -0.00455313 -0.0258481 0.0120789 0.00453429 0.999917 2.09803
0.999851 -2.4759e-05 -0.0172771 -0.0299035 -5.9534e-05 0.999988 -0.00487835 -0.0392046 0.017277 0.00487865 0.999839 2.82565
0.999762 -0.00106527 -0.0217993 -0.0471973 0.000956998 0.999987 -0.00497667 -0.0505727 0.0218043 0.00495462 0.99975 3.57372
0.999653 0.000839433 -0.0263376 -0.0750171 -0.00100505 0.99998 -0.00627575 -0.0607481 0.0263318 0.00630004 0.999633 4.32965
0.999511 0.00318864 -0.0311026 -0.113209 -0.00339967 0.999972 -0.00673446 -0.0713559 0.0310803 0.0068369 0.999494 5.09449
0.999357 0.00375335 -0.0356488 -0.142083 -0.00393868 0.999979 -0.00512987 -0.0815948 0.0356288 0.00526698 0.999351 5.88247
0.999187 0.00261455 -0.0402255 -0.176661 -0.00270554 0.999994 -0.00220762 -0.0955734 0.0402194 0.00231466 0.999188 6.68179
0.999026 0.00278112 -0.0440458 -0.208337 -0.0027618 0.999996 0.000499309 -0.107543 0.044047 -0.000377176 0.999029 7.49385
0.998893 0.00429098 -0.046844 -0.251897 -0.00429395 0.999991 3.71931e-05 -0.120414 0.0468437 0.000163994 0.998902 8.30564
0.9988 0.00285155 -0.0488926 -0.315001 -0.00285745 0.999996 -5.05825e-05 -0.123377 0.0488922 0.00019023 0.998804 9.14776
0.998722 -8.4129e-05 -0.0505407 -0.371941 5.06107e-05 1 -0.000664475 -0.129624 0.0505407 0.000661068 0.998722 9.99703
0.99862 -0.000438946 -0.0525174 -0.429748 0.000446472 1 0.000131568 -0.135523 0.0525174 -0.000154834 0.99862 10.8478
0.99856 -0.00254923 -0.053586 -0.507291 0.00254785 0.999997 -9.42283e-05 -0.140019 0.0535861 -4.24362e-05 0.998563 11.726
0.998471 -0.000962729 -0.0552786 -0.579732 0.000830691 0.999997 -0.00241152 -0.142965 0.0552807 0.00236191 0.998468 12.6064
0.998397 -0.00104978 -0.0565817 -0.643706 0.000765862 0.999987 -0.0050392 -0.148575 0.0565862 0.00498779 0.998385 13.4861
0.9983 0.00262337 -0.0582199 -0.710309 -0.0030166 0.999973 -0.0066673 -0.157655 0.0582009 0.00683159 0.998282 14.3669
0.998239 0.00321212 -0.0592264 -0.773088 -0.00358964 0.999974 -0.00626893 -0.168127 0.0592047 0.00647049 0.998225 15.2603
0.998162 0.00150255 -0.0605841 -0.842837 -0.0017915 0.999987 -0.0047154 -0.176619 0.0605762 0.00481527 0.998152 16.171
0.998073 0.00294754 -0.0619771 -0.903789 -0.00314023 0.999991 -0.00301179 -0.199765 0.0619677 0.00320061 0.998073 17.0685
0.998022 0.00347351 -0.0627676 -0.971974 -0.00365567 0.999989 -0.00278752 -0.224447 0.0627573 0.00301146 0.998024 17.9795
0.997941 0.00368102 -0.0640268 -1.05722 -0.00388973 0.999988 -0.00313541 -0.250838 0.0640145 0.003378 0.997943 18.9034
0.997889 0.00129644 -0.0649347 -1.13651 -0.00155245 0.999991 -0.00389239 -0.256753 0.0649291 0.00398498 0.997882 19.8364
0.99786 0.00062526 -0.0653827 -1.21095 -0.000766984 0.999997 -0.00214253 -0.263187 0.0653812 0.00218809 0.997858 20.7719
0.997861 0.00156264 -0.065347 -1.27966 -0.00147935 0.999998 0.00132287 -0.272586 0.0653489 -0.00122337 0.997862 21.7018
0.997917 0.00206311 -0.0644818 -1.35249 -0.00173458 0.999985 0.00515054 -0.281627 0.0644914 -0.00502796 0.997906 22.6432
0.998019 0.00063877 -0.0629068 -1.42004 -0.000138873 0.999968 0.00795068 -0.284275 0.0629099 -0.0079262 0.997988 23.5944
0.998124 0.000434781 -0.061229 -1.48954 0.000104061 0.999961 0.00879698 -0.28882 0.0612304 -0.00878685 0.998085 24.546
0.998214 0.000811911 -0.0597364 -1.55796 -0.000454956 0.999982 0.00598885 -0.29644 0.0597402 -0.00595098 0.998196 25.5005
0.998288 0.00154244 -0.0584746 -1.63925 -0.00147057 0.999998 0.00127204 -0.303645 0.0584765 -0.00118387 0.998288 26.4647
0.998358 0.000857787 -0.0572788 -1.6968 -0.000954269 0.999998 -0.0016571 -0.312721 0.0572773 0.00170904 0.998357 27.4173
0.998384 -0.00170962 -0.0567966 -1.7368 0.00167604 0.999998 -0.000638813 -0.320918 0.0567976 0.000542588 0.998386 28.3609
0.998363 -0.00363132 -0.0570771 -1.79194 0.0038874 0.999983 0.00437618 -0.329916 0.0570603 -0.00459089 0.99836 29.3341
0.998294 -0.00721417 -0.05794 -1.84804 0.00769291 0.999938 0.00804403 -0.348522 0.0578783 -0.00847603 0.998288 30.3147
0.998143 -0.0146199 -0.059126 -1.89424 0.01508 0.999859 0.00734423 -0.354346 0.0590103 -0.00822221 0.998224 31.2898
0.998026 -0.0165308 -0.0605828 -1.95032 0.0167692 0.999854 0.00342844 -0.361564 0.0605173 -0.0044376 0.998157 32.2718
0.997991 -0.0153845 -0.0614561 -2.03967 0.0154068 0.999881 -0.000111054 -0.392855 0.0614505 -0.000836013 0.99811 33.2622
0.997889 -0.0141166 -0.0633875 -2.11821 0.0140902 0.9999 -0.000863649 -0.402509 0.0633934 -3.13148e-05 0.997989 34.2504
0.997797 -0.0136882 -0.0649084 -2.16158 0.0137595 0.999905 0.000652305 -0.420857 0.0648933 -0.00154398 0.997891 35.2532
0.99776 -0.0107046 -0.0660299 -2.24252 0.0109505 0.999934 0.00336427 -0.429185 0.0659895 -0.0040798 0.997812 36.2491
0.997729 -0.0109817 -0.0664508 -2.34838 0.0113319 0.999924 0.00489475 -0.445262 0.0663919 -0.00563665 0.997778 37.258
0.997681 -0.00912144 -0.0674482 -2.42012 0.00964745 0.999926 0.007477 -0.457117 0.067375 -0.00811036 0.997695 38.244
0.99769 -0.00843287 -0.0673996 -2.48678 0.00916661 0.999902 0.0105845 -0.471658 0.0673038 -0.0111779 0.99767 39.2395
0.997681 -0.00207933 -0.0680338 -2.56116 0.00296094 0.999913 0.0128601 -0.478785 0.0680011 -0.0130317 0.9976 40.2207
0.997666 -0.00175357 -0.0682637 -2.62787 0.00260149 0.999921 0.0123343 -0.486328 0.0682366 -0.0124831 0.997591 41.2087
0.997682 -0.00100811 -0.0680458 -2.70629 0.00172954 0.999943 0.0105441 -0.491555 0.0680313 -0.0106373 0.997626 42.2115
0.997683 0.00162412 -0.0680131 -2.78082 -0.00106065 0.999965 0.00832011 -0.498729 0.0680242 -0.0082287 0.99765 43.2004
0.997612 0.00124478 -0.0690564 -2.85606 -0.000670881 0.999965 0.00833312 -0.50399 0.0690643 -0.0082669 0.997578 44.2048
0.99751 -1.73081e-05 -0.0705221 -2.91787 0.000682899 0.999955 0.00941394 -0.513206 0.0705188 -0.00943866 0.997466 45.1888
0.997447 0.0010247 -0.0714007 -2.98921 -0.000282333 0.999946 0.0104065 -0.521251 0.0714075 -0.0103597 0.997393 46.1728
0.997446 0.00363504 -0.0713387 -3.08081 -0.00316797 0.999973 0.00665932 -0.527668 0.071361 -0.00641631 0.99743 47.152
0.997371 0.00480427 -0.0723031 -3.14819 -0.00463478 0.999986 0.00251172 -0.540175 0.0723142 -0.00217001 0.99738 48.099
0.997307 0.00658184 -0.0730418 -3.2106 -0.00650833 0.999978 0.0012444 -0.555199 0.0730484 -0.000765665 0.997328 49.0507
0.997311 0.0055709 -0.0730729 -3.29262 -0.00523155 0.999975 0.00483453 -0.569843 0.073098 -0.00443924 0.997315 50.0341
0.997328 0.00407818 -0.0729462 -3.37675 -0.00352702 0.999964 0.00768289 -0.578751 0.0729749 -0.00740507 0.997306 51.0148
0.997337 0.00277061 -0.0728842 -3.4561 -0.00218228 0.999964 0.00815054 -0.58875 0.0729042 -0.00796978 0.997307 51.9791
0.997347 4.55892e-05 -0.072799 -3.53339 0.000447018 0.999977 0.00675038 -0.598883 0.0727976 -0.00676501 0.997324 52.9441
0.997306 -0.00161744 -0.0733413 -3.59988 0.0020182 0.999983 0.0053905 -0.615007 0.0733314 -0.00552399 0.997292 53.9089
0.997236 -0.00218156 -0.0742728 -3.67772 0.0026569 0.999977 0.00630177 -0.624793 0.0742574 -0.00648169 0.997218 54.8673
0.997186 -0.0038826 -0.0748719 -3.76464 0.00465239 0.999938 0.0101097 -0.636526 0.074828 -0.0104296 0.997142 55.8212
0.997154 -0.00275249 -0.0753428 -3.83294 0.00390837 0.999877 0.0151985 -0.661614 0.0752917 -0.0154497 0.997042 56.7602
0.997111 -0.000277387 -0.0759578 -3.89609 0.00161561 0.999845 0.0175571 -0.671559 0.0759411 -0.0176291 0.996956 57.6876
0.997001 0.00175117 -0.0773732 -3.96968 -0.000679325 0.999903 0.0138771 -0.690572 0.07739 -0.0137829 0.996906 58.6003
0.996876 0.00570593 -0.0787701 -4.03587 -0.00522584 0.999967 0.00629962 -0.719323 0.0788034 -0.0058683 0.996873 59.497
0.996707 0.00929725 -0.0805489 -4.08163 -0.00923629 0.999957 0.00112939 -0.734172 0.0805559 -0.000381695 0.99675 60.3855
0.996544 0.0154693 -0.0816097 -4.16176 -0.0153358 0.99988 0.00226264 -0.758918 0.0816349 -0.00100327 0.996662 61.2858
0.996417 0.0180473 -0.0826295 -4.24165 -0.0177337 0.999832 0.00452762 -0.769556 0.0826974 -0.00304606 0.99657 62.17
0.996309 0.0207772 -0.0832877 -4.34051 -0.0203378 0.999774 0.00612053 -0.782751 0.0833961 -0.00440405 0.996507 63.0717
0.996265 0.0215671 -0.0836162 -4.46643 -0.0211407 0.999759 0.00598129 -0.797597 0.083725 -0.00419124 0.99648 63.9689
0.996071 0.0231742 -0.0854723 -4.52562 -0.0226659 0.999719 0.00691324 -0.806651 0.0856085 -0.00494877 0.996317 64.7955
0.995863 0.0239835 -0.0876399 -4.55706 -0.0234105 0.999697 0.00756012 -0.816746 0.0877947 -0.00547716 0.996124 65.6016
0.995748 0.0239999 -0.088933 -4.64184 -0.0233778 0.999694 0.00803023 -0.826171 0.0890985 -0.00591704 0.996005 66.4321
0.995664 0.0235448 -0.0899911 -4.73752 -0.0228222 0.999699 0.00904978 -0.828753 0.090177 -0.00695674 0.995901 67.2598
0.995456 0.0263124 -0.0915117 -4.81056 -0.025337 0.999609 0.0118045 -0.835619 0.0917866 -0.00943228 0.995734 68.0534
0.995325 0.0276791 -0.0925345 -4.89916 -0.0263243 0.999528 0.0158301 -0.836125 0.092929 -0.0133202 0.995584 68.8509
0.995059 0.0308234 -0.094384 -4.97358 -0.029273 0.999414 0.0177678 -0.844169 0.0948763 -0.0149171 0.995377 69.6299
0.994817 0.0334848 -0.0960134 -5.04722 -0.0323282 0.999385 0.0135764 -0.84625 0.096409 -0.0104021 0.995287 70.3803
0.994689 0.0334159 -0.0973542 -5.13326 -0.0329656 0.999437 0.00623108 -0.850813 0.0975076 -0.00298865 0.99523 71.115
0.994568 0.0324073 -0.0989158 -5.20612 -0.0325332 0.999471 0.00034107 -0.854605 0.0988745 0.00287883 0.995096 71.8179
0.994507 0.03313 -0.0992882 -5.28793 -0.0333858 0.999442 -0.000915431 -0.858161 0.0992025 0.00422522 0.995058 72.5185
0.994336 0.0358755 -0.100042 -5.36231 -0.0357854 0.999356 0.00269581 -0.868746 0.100074 0.000899488 0.99498 73.1879
0.994219 0.0360795 -0.10113 -5.44378 -0.035758 0.999348 0.00499065 -0.883868 0.101244 -0.00134561 0.994861 73.8501
0.994236 0.0327841 -0.102078 -5.51884 -0.0327782 0.999461 0.0017349 -0.894936 0.10208 0.00162104 0.994775 74.4942
0.994481 0.024592 -0.101991 -5.58025 -0.0250769 0.999679 -0.0034751 -0.906235 0.101872 0.00601353 0.994779 75.1073
0.994696 0.0203846 -0.100821 -5.64748 -0.0213199 0.999739 -0.00820833 -0.919162 0.100627 0.0103143 0.994871 75.704
0.994964 0.0228081 -0.097601 -5.71503 -0.0237518 0.999682 -0.00851795 -0.928858 0.0973756 0.0107933 0.995189 76.2919
0.995243 0.0277508 -0.0933915 -5.78266 -0.0284013 0.999581 -0.00564355 -0.939257 0.0931957 0.00826914 0.995613 76.8672
0.995717 0.0261433 -0.0886814 -5.83382 -0.0264889 0.999645 -0.00272214 -0.948628 0.0885788 0.00505955 0.996056 77.4284
0.996336 0.0222876 -0.0825754 -5.88409 -0.0222679 0.999751 0.00115928 -0.952161 0.0825807 0.000683753 0.996584 77.9787
0.997069 0.0178617 -0.0743963 -5.91418 -0.0175743 0.999835 0.00451641 -0.964994 0.0744647 -0.00319571 0.997219 78.5112
0.997738 0.0215259 -0.0636854 -5.947 -0.0213031 0.999764 0.00417555 -0.972538 0.0637602 -0.00280941 0.997961 79.0276
0.998459 0.0268276 -0.0485825 -5.97457 -0.0266945 0.999638 0.00338714 -0.978787 0.0486558 -0.00208503 0.998813 79.5357
0.99902 0.0319638 -0.030631 -5.98575 -0.0318687 0.999486 0.0035885 -0.982829 0.0307299 -0.00260881 0.999524 80.0305
0.9995 0.0304189 -0.00865969 -5.97366 -0.0303876 0.999531 0.00371949 -0.987677 0.00876877 -0.00345448 0.999956 80.5143
0.999482 0.0270105 0.0175036 -5.94267 -0.0270883 0.999624 0.00422123 -0.995598 -0.017383 -0.00469319 0.999838 80.989
0.998557 0.0260823 0.0469457 -5.89671 -0.0263585 0.999639 0.00527348 -1.00279 -0.0467912 -0.00650329 0.998884 81.4488
0.99647 0.0257264 0.0799087 -5.83375 -0.0263048 0.999635 0.00619313 -1.01048 -0.0797201 -0.00827324 0.996783 81.9032
0.99277 0.0256525 0.117262 -5.75045 -0.0265594 0.999628 0.00617745 -1.01956 -0.11706 -0.00924719 0.993082 82.3534
0.986941 0.0261697 0.158942 -5.65106 -0.0273594 0.999612 0.00530119 -1.02298 -0.158741 -0.00958051 0.987274 82.792
0.9786 0.0260416 0.204117 -5.53298 -0.0275272 0.999611 0.00444177 -1.02944 -0.203922 -0.00996548 0.978937 83.2156
0.966971 0.0283836 0.253303 -5.40042 -0.0297279 0.999557 0.00148054 -1.03878 -0.253148 -0.00896179 0.967386 83.6224
0.951341 0.0294352 0.306731 -5.24068 -0.030181 0.999542 -0.0023123 -1.0499 -0.306658 -0.00705766 0.951793 84.0225
0.931296 0.02982 0.363041 -5.06876 -0.0298785 0.999539 -0.0054554 -1.05926 -0.363036 -0.00576653 0.931757 84.395
0.906674 0.0305462 0.420725 -4.87688 -0.0297651 0.999521 -0.00842435 -1.06733 -0.420781 -0.00488476 0.907149 84.7469
0.877194 0.030887 0.479142 -4.66387 -0.0288273 0.999516 -0.0116561 -1.07425 -0.479271 -0.00358773 0.87766 85.0791
0.843354 0.0294389 0.536552 -4.42853 -0.0253875 0.999566 -0.0149389 -1.0848 -0.536759 -0.00102289 0.843735 85.385
0.806342 0.0291089 0.590733 -4.1695 -0.0235556 0.999576 -0.017102 -1.0994 -0.59098 -0.000125038 0.806686 85.6676
0.766076 0.0278689 0.642146 -3.89273 -0.0219297 0.999611 -0.0172207 -1.11236 -0.642376 -0.000889752 0.766389 85.94
0.723005 0.0275368 0.690294 -3.6034 -0.0225681 0.999613 -0.0162384 -1.12266 -0.690474 -0.00383817 0.723347 86.1884
0.677348 0.0265763 0.735183 -3.29765 -0.0207738 0.99964 -0.0169967 -1.13242 -0.73537 -0.00375984 0.677656 86.4198
0.630696 0.0253186 0.775617 -2.97677 -0.0164888 0.999679 -0.0192248 -1.1436 -0.775855 -0.00066401 0.630911 86.6223
0.583893 0.0227858 0.811511 -2.64281 -0.00986285 0.999731 -0.0209743 -1.15489 -0.811771 0.00424292 0.583961 86.801
0.536782 0.0249895 0.843351 -2.30571 -0.0107805 0.999683 -0.0227602 -1.16787 -0.843652 0.00312554 0.536881 86.9737
0.488909 0.0279775 0.871886 -1.96026 -0.0135535 0.999609 -0.0244758 -1.18079 -0.872229 0.000149298 0.489097 87.1403
0.442978 0.0302359 0.896023 -1.61367 -0.013512 0.999543 -0.027049 -1.19532 -0.896431 -0.000124936 0.443184 87.278
0.400514 0.0277735 0.91587 -1.25767 -0.00545451 0.999595 -0.0279272 -1.20841 -0.916274 0.00618961 0.400503 87.3882
0.361115 0.0202982 0.9323 -0.894465 0.0102069 0.999617 -0.0257173 -1.21973 -0.932465 0.0188028 0.36077 87.475
0.325715 0.0166866 0.945321 -0.530807 0.0149459 0.999628 -0.0227949 -1.23074 -0.94535 0.0215533 0.325345 87.5629
0.292369 0.0207668 0.95608 -0.17096 0.0126269 0.999593 -0.0255732 -1.24623 -0.956222 0.0195491 0.291988 87.6547
0.260932 0.0283621 0.96494 0.191042 0.00217666 0.999548 -0.0299679 -1.26864 -0.965355 0.00991993 0.260752 87.7508
0.232365 0.0325438 0.972084 0.566791 -0.00230058 0.999456 -0.0329102 -1.29481 -0.972626 0.00541083 0.232313 87.8316
0.206664 0.0341036 0.977817 0.959597 -0.000691316 0.999397 -0.0347101 -1.3189 -0.978412 0.00649735 0.206563 87.894
0.183227 0.0353754 0.982434 1.3593 0.00695535 0.999281 -0.0372792 -1.33825 -0.983046 0.0136637 0.182849 87.9412
0.163129 0.041629 0.985726 1.7683 0.0141372 0.998908 -0.0445253 -1.3475 -0.986503 0.0211987 0.162363 87.9818
0.143182 0.0483081 0.988517 2.18289 0.0165631 0.998551 -0.0511975 -1.35602 -0.989558 0.0237035 0.142174 88.0328
0.125332 0.0490095 0.990904 2.61903 0.0142264 0.998588 -0.051189 -1.3792 -0.992013 0.0205126 0.124458 88.0841
0.109607 0.0445577 0.992976 3.07384 0.012532 0.998853 -0.0462048 -1.40969 -0.993896 0.0175083 0.108923 88.1304
0.0948789 0.0412818 0.994632 3.54437 0.012908 0.999005 -0.0426945 -1.43851 -0.995405 0.0168895 0.0942516 88.1708
0.0814824 0.0388673 0.995917 4.03183 0.0149417 0.999079 -0.0402132 -1.46723 -0.996563 0.0181574 0.0808267 88.2034
0.0698846 0.038097 0.996827 4.53253 0.018755 0.999044 -0.0394966 -1.49145 -0.997379 0.0214557 0.0691032 88.2298
0.0596269 0.0387977 0.997466 5.04901 0.0216117 0.99896 -0.0401477 -1.51716 -0.997987 0.0239509 0.0587264 88.2547
0.0516711 0.0393462 0.997889 5.58043 0.0235374 0.998898 -0.0406048 -1.54309 -0.998387 0.0255858 0.0506881 88.2798
0.045995 0.0396607 0.998154 6.12579 0.0250006 0.998853 -0.0408405 -1.57236 -0.998629 0.0268329 0.0449507 88.3025
0.0405564 0.0407991 0.998344 6.67968 0.0263949 0.998774 -0.0418889 -1.59497 -0.998829 0.0280501 0.0394297 88.3173
0.0348229 0.0415284 0.99853 7.24366 0.026771 0.998739 -0.0424707 -1.61966 -0.999035 0.0282106 0.0336672 88.3197
0.0305151 0.0416136 0.998668 7.84436 0.0290265 0.998675 -0.0425008 -1.64994 -0.999113 0.0302847 0.0292667 88.3333
0.0276828 0.0416327 0.998749 8.46523 0.0308139 0.998622 -0.0424814 -1.67915 -0.999142 0.0319514 0.0263618 88.3443
0.0249088 0.0412121 0.99884 9.091 0.031555 0.99862 -0.0419899 -1.70815 -0.999192 0.0325644 0.0235739 88.3472
0.0225291 0.0407031 0.998917 9.74407 0.0335916 0.998576 -0.0414468 -1.73986 -0.999182 0.0344889 0.0211297 88.3599
0.0219053 0.0403768 0.998944 10.4096 0.0376596 0.998442 -0.0411823 -1.77476 -0.999051 0.0385219 0.0203506 88.3687
0.0231072 0.0401385 0.998927 11.1128 0.0409498 0.998317 -0.0410613 -1.80773 -0.998894 0.0418547 0.0214247 88.3755
0.0256146 0.0400621 0.998869 11.8104 0.0424682 0.998251 -0.0411264 -1.842 -0.998769 0.0434736 0.0238685 88.3902
0.0294254 0.0400158 0.998766 12.5346 0.0447189 0.998145 -0.0413084 -1.878 -0.998566 0.0458793 0.0275813 88.4152
0.0338324 0.0395265 0.998646 13.2684 0.044933 0.998147 -0.041029 -1.91366 -0.998417 0.0462603 0.0319937 88.4388
0.0381854 0.0378916 0.998552 14.018 0.0464301 0.998134 -0.0396513 -1.94659 -0.998191 0.0478769 0.0363549 88.4579
0.0426115 0.0361683 0.998437 14.7625 0.0461829 0.998205 -0.0381309 -1.98328 -0.998024 0.0477355 0.0408647 88.4743
0.0468921 0.0340159 0.998321 15.5354 0.0432191 0.998415 -0.0360492 -2.01876 -0.997965 0.0448369 0.0453476 88.5103
0.0515347 0.0328144 0.998132 16.3146 0.0426438 0.998476 -0.0350275 -2.05385 -0.99776 0.0443693 0.0500569 88.5354
0.0559426 0.0338327 0.997861 17.1028 0.040059 0.998545 -0.0361017 -2.08647 -0.99763 0.0419929 0.0545059 88.5737
0.0595124 0.0381857 0.997497 17.9116 0.0387007 0.998429 -0.0405304 -2.11474 -0.997477 0.0410159 0.0579411 88.62
0.0610014 0.0436003 0.997185 18.7207 0.0331596 0.998406 -0.0456822 -2.15094 -0.997587 0.0358529 0.0594583 88.6756
0.0609463 0.0468889 0.997039 19.5396 0.0303807 0.998346 -0.0488075 -2.19179 -0.997679 0.0332654 0.059421 88.731
0.0612189 0.0464603 0.997042 20.3429 0.0279679 0.998444 -0.0482428 -2.23748 -0.997732 0.0308386 0.0598243 88.7792
0.0614838 0.0447145 0.997106 21.1591 0.0250929 0.998611 -0.0463293 -2.28652 -0.997793 0.0278688 0.0602764 88.8266
0.0617217 0.043593 0.997141 21.9641 0.0259851 0.998637 -0.0452668 -2.33159 -0.997755 0.0287047 0.0605048 88.8667
0.0622546 0.0429206 0.997137 22.7736 0.0233688 0.998738 -0.0444485 -2.38007 -0.997787 0.026069 0.0611731 88.9183
0.0625519 0.043228 0.997105 23.5656 0.0212982 0.998776 -0.0446365 -2.42935 -0.997814 0.0240286 0.0615546 88.9633
0.0622616 0.0436973 0.997103 24.3823 0.0174179 0.998841 -0.0448611 -2.48688 -0.997908 0.0201606 0.0614283 89.0301
0.0610386 0.0448124 0.997129 25.1676 0.0136138 0.998861 -0.0457236 -2.5424 -0.998043 0.0163656 0.060359 89.0779
0.0582372 0.0444985 0.997311 25.9756 0.0106957 0.998921 -0.0451949 -2.58704 -0.998245 0.0132989 0.0576984 89.131
0.0543765 0.0431774 0.997587 26.7771 0.00796438 0.999014 -0.0436733 -2.63492 -0.998489 0.01032 0.053979 89.1758
0.0496964 0.0407564 0.997932 27.5729 0.00583154 0.999138 -0.0410961 -2.68084 -0.998747 0.00786181 0.0494159 89.2112
0.0435735 0.0386608 0.998302 28.3808 0.00374455 0.999238 -0.0388605 -2.72847 -0.999043 0.00543148 0.0433955 89.246
0.036195 0.0388914 0.998588 29.1792 0.00309982 0.999233 -0.0390289 -2.77227 -0.99934 0.00450809 0.0360467 89.2746
0.0275438 0.0397175 0.998831 29.9751 0.00266373 0.999204 -0.0398058 -2.82044 -0.999617 0.00375702 0.0274161 89.2907
0.0177155 0.0399188 0.999046 30.7836 0.00283641 0.999197 -0.0399751 -2.86654 -0.999839 0.00354188 0.017588 89.3015
0.00760647 0.0390107 0.99921 31.5823 0.00429674 0.999228 -0.0390442 -2.90759 -0.999962 0.00459034 0.00743298 89.3031
-0.0030208 0.0379306 0.999276 32.3757 0.00310057 0.999276 -0.0379212 -2.95403 -0.999991 0.00298377 -0.00313622 89.2981
-0.0140126 0.0372122 0.999209 33.1703 0.00503698 0.999297 -0.0371448 -2.9951 -0.999889 0.00451251 -0.0141902 89.2847
-0.0243904 0.0374993 0.998999 33.9288 0.00639887 0.999282 -0.0373537 -3.0379 -0.999682 0.00548139 -0.0246128 89.2508
-0.0353986 0.0380432 0.998649 34.7145 0.00686974 0.999261 -0.037823 -3.08267 -0.99935 0.00552157 -0.0356337 89.2236
-0.0456463 0.0391376 0.998191 35.4887 0.00681412 0.999221 -0.0388664 -3.12382 -0.998934 0.00502769 -0.0458775 89.1795
-0.0558212 0.0400147 0.997639 36.2553 0.00765984 0.999184 -0.0396481 -3.16772 -0.998411 0.00542855 -0.0560821 89.1319
-0.0652574 0.0405728 0.997043 37.0182 0.00870429 0.999158 -0.0400891 -3.21021 -0.997831 0.00606244 -0.0655556 89.081
-0.0749692 0.0410322 0.996341 37.7796 0.00964107 0.999136 -0.0404218 -3.25303 -0.997139 0.0065754 -0.0753 89.0272
-0.0841987 0.0413004 0.995593 38.5251 0.010526 0.999122 -0.0405566 -3.29546 -0.996393 0.00706478 -0.0845595 88.9602
-0.0925811 0.0406913 0.994873 39.2561 0.0117832 0.999139 -0.0397692 -3.33916 -0.995635 0.0080409 -0.0929809 88.8848
-0.0997725 0.0394138 0.994229 39.9815 0.013321 0.999179 -0.0382732 -3.38282 -0.994921 0.00942552 -0.100216 88.8035
-0.104871 0.0376841 0.993772 40.6954 0.0161919 0.999214 -0.0361818 -3.42362 -0.994354 0.0122966 -0.105399 88.7212
-0.108679 0.0360383 0.993423 41.4078 0.0191219 0.999234 -0.0341572 -3.46293 -0.993893 0.015284 -0.109285 88.6409
-0.111218 0.0349027 0.993183 42.1054 0.0207962 0.999246 -0.0327869 -3.49897 -0.993578 0.0170079 -0.11186 88.5557
-0.113066 0.0340082 0.993005 42.7913 0.0209965 0.999273 -0.0318321 -3.53361 -0.993366 0.0172505 -0.113698 88.4779
-0.113785 0.0343657 0.992911 43.4578 0.0215702 0.999251 -0.0321133 -3.56816 -0.993271 0.0177632 -0.114441 88.3992
-0.113081 0.0352891 0.992959 44.1061 0.0222732 0.999208 -0.0329747 -3.60449 -0.993336 0.0183875 -0.113778 88.3312
-0.109786 0.0365767 0.993282 44.7016 0.0228965 0.999151 -0.0342621 -3.64198 -0.993691 0.0189812 -0.11053 88.2533
-0.104565 0.0369873 0.99383 45.3185 0.0228934 0.999133 -0.0347759 -3.677 -0.994255 0.0191158 -0.105321 88.1936
-0.0967622 0.0377484 0.994591 45.921 0.0222775 0.999112 -0.0357527 -3.70923 -0.995058 0.0186975 -0.0975173 88.146
-0.0849919 0.0375297 0.995675 46.5029 0.0209405 0.999137 -0.0358727 -3.74486 -0.996162 0.0178011 -0.0857044 88.094
-0.070766 0.0376161 0.996783 47.0654 0.02002 0.999141 -0.0362838 -3.78245 -0.997292 0.017388 -0.0714583 88.0568
-0.0530553 0.0388167 0.997837 47.6086 0.0188704 0.999105 -0.0378627 -3.81681 -0.998413 0.0168208 -0.0537402 88.0329
-0.0313836 0.0412031 0.998658 48.1358 0.0169349 0.999028 -0.0406862 -3.85034 -0.999364 0.0156353 -0.0320509 88.0246
-0.00649313 0.0441481 0.999004 48.6481 0.0147147 0.998921 -0.0440488 -3.88245 -0.999871 0.0144141 -0.00713575 88.0331
0.0222792 0.0458992 0.998698 49.144 0.0124525 0.998855 -0.0461842 -3.91189 -0.999674 0.0134653 0.0216822 88.0519
0.0561128 0.0453173 0.997395 49.6513 0.00994362 0.998894 -0.0459448 -3.94283 -0.998375 0.0124958 0.0556001 88.0874
0.0948316 0.0430028 0.994564 50.1624 0.008388 0.998997 -0.0439943 -3.97058 -0.995458 0.0125144 0.0943757 88.1433
0.137144 0.0394288 0.989766 50.6672 0.00546041 0.999162 -0.0405597 -3.9982 -0.990536 0.010967 0.136814 88.2295
0.182985 0.0351751 0.982486 51.1636 0.00227639 0.999342 -0.0362025 -4.02721 -0.983113 0.00886102 0.182784 88.3375
0.232021 0.0318464 0.972189 51.6446 -0.00301686 0.999483 -0.0320205 -4.0567 -0.972706 0.00449646 0.231997 88.4721
0.285112 0.0301192 0.958021 52.1165 -0.00774165 0.999546 -0.0291208 -4.08576 -0.958463 0.000886022 0.285216 88.6235
0.340175 0.0294073 0.939902 52.5694 -0.00963723 0.999567 -0.0277861 -4.11591 -0.940313 0.000394093 0.340311 88.8244
0.398297 0.0297911 0.916772 53.0114 -0.00880478 0.999551 -0.0286558 -4.1393 -0.917214 0.00334153 0.398381 89.0447
0.458764 0.0331669 0.887939 53.433 -0.00848744 0.999421 -0.0329459 -4.15855 -0.888517 0.00757809 0.45878 89.283
0.518378 0.0365239 0.854371 53.8401 -0.00760163 0.999245 -0.0381049 -4.17591 -0.855118 0.0132582 0.518265 89.5621
0.576647 0.0404112 0.815993 54.2089 -0.0118669 0.999085 -0.0410926 -4.19743 -0.816907 0.0140126 0.576599 89.8603
0.632429 0.0435117 0.773396 54.5561 -0.0161581 0.998945 -0.0429883 -4.2113 -0.77445 0.0146905 0.632465 90.1841
0.684995 0.0439341 0.727222 54.8745 -0.0177854 0.998891 -0.0435939 -4.23133 -0.728331 0.0169277 0.685016 90.5312
0.733622 0.0416677 0.678279 55.1658 -0.0182915 0.998968 -0.0415842 -4.25221 -0.679312 0.0181004 0.733627 90.8947
0.778465 0.0381194 0.626529 55.4318 -0.0207039 0.99917 -0.0350671 -4.27294 -0.627346 0.014327 0.778609 91.2828
0.819188 0.0327448 0.57259 55.6713 -0.0211286 0.999414 -0.0269257 -4.28977 -0.573136 0.00995914 0.819399 91.6872
